25, 20
-10, 3, 0.0114177
-9.25, 3, -0.0121512
-8.5, 3, -0.0337418
-7.75, 3, -0.0509782
-7, 3, -0.0633156
-6.25, 3, -0.070654
-5.5, 3, -0.0732259
-4.75, 3, -0.0714878
-4, 3, -0.066026
-3.25, 3, -0.0574828
-2.5, 3, -0.0465047
-1.75, 3, -0.0337118
-1, 3, -0.0196851
-0.25, 3, -0.00496867
0.5, 3, 0.00991843
1.25, 3, 0.0244635
2, 3, 0.038141
2.75, 3, 0.0503956
3.5, 3, 0.0606326
4.25, 3, 0.0682212
5, 3, 0.0743237
-10, 2.88, 0.0114169
-9.24976, 2.88, -0.0121585
-8.49951, 2.88001, -0.0337541
-7.74927, 2.88011, -0.050992
-6.99904, 2.88102, -0.0633245
-6.24941, 2.88661, -0.0706566
-5.50074, 2.89618, -0.0732271
-4.75073, 2.89952, -0.0714907
-4.00049, 2.89995, -0.0660303
-3.25024, 2.89999, -0.0574857
-2.5, 2.89999, -0.0465045
-1.74976, 2.89989, -0.0337075
-0.999529, 2.89902, -0.0196816
-0.249872, 2.89354, -0.00497614
0.498782, 2.88393, 0.0099078
1.24878, 2.8805, 0.0244427
1.99902, 2.88005, 0.0381239
2.74927, 2.88001, 0.0503843
3.49951, 2.88, 0.0606265
4.24976, 2.88, 0.0682189
5, 2.88, 0.0743245
-10, 2.76, 0.0114161
-9.24951, 2.76, -0.0121658
-8.49902, 2.76002, -0.0337663
-7.74853, 2.76022, -0.0510058
-6.99808, 2.76203, -0.0633333
-6.24881, 2.77322, -0.0706591
-5.50148, 2.79237, -0.0732283
-4.75146, 2.79903, -0.0714935
-4.00098, 2.7999, -0.0660346
-3.25049, 2.79999, -0.0574887
-2.5, 2.79998, -0.0465043
-1.74951, 2.79979, -0.0337031
-0.999058, 2.79804, -0.019678
-0.249743, 2.78708, -0.00498362
0.497564, 2.76786, 0.00989716
1.24757, 2.761, 0.0244219
1.99805, 2.76011, 0.0381068
2.74853, 2.76001, 0.050373
3.49902, 2.76, 0.0606203
4.24951, 2.76, 0.0682166
5, 2.76, 0.0743252
-10, 2.64, 0.0114154
-9.24927, 2.64, -0.0121731
-8.49853, 2.64003, -0.0337786
-7.7478, 2.64033, -0.0510196
-6.99712, 2.64305, -0.0633422
-6.24822, 2.65983, -0.0706617
-5.50222, 2.68855, -0.0732295
-4.75219, 2.69855, -0.0714963
-4.00147, 2.69985, -0.0660389
-3.25073, 2.69998, -0.0574916
-2.5, 2.69997, -0.0465041
-1.74927, 2.69968, -0.0336987
-0.998586, 2.69706, -0.0196744
-0.249615, 2.68062, -0.00499109
0.496347, 2.65179, 0.00988652
1.24635, 2.64151, 0.0244011
1.99707, 2.64016, 0.0380897
2.7478, 2.64002, 0.0503617
3.49853, 2.64, 0.0606142
4.24927, 2.64, 0.0682142
5, 2.64, 0.0743259
-10, 2.52, 0.0114146
-9.24902, 2.52, -0.0121803
-8.49805, 2.52005, -0.0337908
-7.74707, 2.52044, -0.0510334
-6.99617, 2.52406, -0.063351
-6.24763, 2.54645, -0.0706642
-5.50296, 2.58473, -0.0732307
-4.75291, 2.59806, -0.0714991
-4.00195, 2.59979, -0.0660431
-3.25098, 2.59998, -0.0574946
-2.5, 2.59996, -0.0465039
-1.74902, 2.59957, -0.0336943
-0.998115, 2.59608, -0.0196709
-0.249487, 2.57417, -0.00499857
0.495129, 2.53572, 0.00987587
1.24513, 2.52201, 0.0243803
1.99609, 2.52021, 0.0380725
2.74707, 2.52002, 0.0503503
3.49805, 2.52, 0.060608
4.24902, 2.52, 0.0682119
5, 2.52, 0.0743266
-10, 2.4, 0.0114138
-9.24878, 2.40001, -0.0121876
-8.49756, 2.40006, -0.033803
-7.74634, 2.40055, -0.0510472
-6.99521, 2.40508, -0.0633599
-6.24704, 2.43306, -0.0706668
-5.50371, 2.48091, -0.0732319
-4.75364, 2.49758, -0.0715019
-4.00244, 2.49974, -0.0660474
-3.25122, 2.49997, -0.0574975
-2.5, 2.49994, -0.0465037
-1.74878, 2.49947, -0.03369
-0.997644, 2.49509, -0.0196673
-0.249359, 2.46771, -0.00500604
0.493911, 2.41964, 0.00986522
1.24392, 2.40251, 0.0243594
1.99511, 2.40027, 0.0380554
2.74634, 2.40003, 0.050339
3.49756, 2.4, 0.0606018
4.24878, 2.4, 0.0682096
5, 2.4, 0.0743273
-10, 2.28, 0.011413
-9.24853, 2.28001, -0.0121949
-8.49707, 2.28007, -0.0338153
-7.7456, 2.28066, -0.0510609
-6.99425, 2.28609, -0.0633687
-6.24644, 2.31967, -0.0706694
-5.50445, 2.3771, -0.0732331
-4.75437, 2.39709, -0.0715047
-4.00293, 2.39969, -0.0660517
-3.25147, 2.39997, -0.0575005
-2.5, 2.39993, -0.0465035
-1.74854, 2.39936, -0.0336856
-0.997173, 2.39411, -0.0196637
-0.24923, 2.36125, -0.00501352
0.492693, 2.30357, 0.00985457
1.2427, 2.28301, 0.0243386
1.99414, 2.28032, 0.0380382
2.7456, 2.28003, 0.0503277
3.49707, 2.28, 0.0605957
4.24853, 2.28, 0.0682073
5, 2.28, 0.074328
-10, 2.16, 0.0114123
-9.24829, 2.16001, -0.0122022
-8.49658, 2.16008, -0.0338275
-7.74487, 2.16077, -0.0510747
-6.99329, 2.16711, -0.0633776
-6.24585, 2.20628, -0.0706719
-5.50519, 2.27328, -0.0732343
-4.7551, 2.29661, -0.0715075
-4.00342, 2.29964, -0.066056
-3.25171, 2.29996, -0.0575034
-2.5, 2.29992, -0.0465034
-1.74829, 2.29926, -0.0336812
-0.996702, 2.29313, -0.0196601
-0.249102, 2.25479, -0.00502099
0.491475, 2.1875, 0.00984392
1.24148, 2.16352, 0.0243178
1.99316, 2.16037, 0.0380211
2.74487, 2.16004, 0.0503164
3.49658, 2.16, 0.0605895
4.24829, 2.16, 0.0682049
5, 2.16, 0.0743287
-10, 2.04, 0.0114115
-9.24805, 2.04001, -0.0122094
-8.49609, 2.04009, -0.0338397
-7.74414, 2.04088, -0.0510885
-6.99233, 2.04812, -0.0633864
-6.24526, 2.09289, -0.0706745
-5.50593, 2.16946, -0.0732355
-4.75583, 2.19612, -0.0715103
-4.00391, 2.19959, -0.0660602
-3.25195, 2.19996, -0.0575064
-2.5, 2.19991, -0.0465032
-1.74805, 2.19915, -0.0336769
-0.996231, 2.19215, -0.0196566
-0.248974, 2.14833, -0.00502847
0.490258, 2.07143, 0.00983326
1.24027, 2.04402, 0.0242969
1.99218, 2.04043, 0.038004
2.74414, 2.04004, 0.0503051
3.49609, 2.04, 0.0605833
4.24805, 2.04, 0.0682026
5, 2.04, 0.0743294
-10, 1.92, 0.0114107
-9.2478, 1.92001, -0.0122167
-8.4956, 1.9201, -0.033852
-7.74341, 1.92099, -0.0511022
-6.99137, 1.92914, -0.0633953
-6.24467, 1.9795, -0.070677
-5.50667, 2.06564, -0.0732367
-4.75656, 2.09564, -0.0715131
-4.0044, 2.09954, -0.0660645
-3.2522, 2.09995, -0.0575093
-2.5, 2.0999, -0.046503
-1.7478, 2.09904, -0.0336725
-0.995759, 2.09117, -0.019653
-0.248845, 2.04187, -0.00503594
0.48904, 1.95536, 0.0098226
1.23905, 1.92452, 0.0242761
1.99121, 1.92048, 0.0379868
2.7434, 1.92005, 0.0502937
3.4956, 1.92, 0.0605772
4.2478, 1.92, 0.0682003
5, 1.92, 0.0743301
-10, 1.8, 0.0114099
-9.24756, 1.80001, -0.012224
-8.49511, 1.80011, -0.0338642
-7.74267, 1.8011, -0.051116
-6.99041, 1.81016, -0.0634041
-6.24407, 1.86612, -0.0706796
-5.50741, 1.96183, -0.0732379
-4.75729, 1.99515, -0.0715159
-4.00489, 1.99949, -0.0660688
-3.25244, 1.99995, -0.0575123
-2.5, 1.99989, -0.0465028
-1.74756, 1.99894, -0.0336681
-0.995288, 1.99019, -0.0196494
-0.248717, 1.93542, -0.00504342
0.487822, 1.83929, 0.00981194
1.23783, 1.80502, 0.0242552
1.99023, 1.80053, 0.0379697
2.74267, 1.80005, 0.0502824
3.49511, 1.80001, 0.060571
4.24756, 1.8, 0.0681979
5, 1.8, 0.0743308
-10, 1.68, 0.0114092
-9.24731, 1.68001, -0.0122312
-8.49463, 1.68012, -0.0338764
-7.74194, 1.68121, -0.0511297
-6.98945, 1.69117, -0.0634129
-6.24348, 1.75273, -0.0706821
-5.50815, 1.85801, -0.0732391
-4.75801, 1.89467, -0.0715187
-4.00537, 1.89943, -0.066073
-3.25269, 1.89994, -0.0575152
-2.5, 1.89988, -0.0465026
-1.74732, 1.89883, -0.0336637
-0.994817, 1.88921, -0.0196459
-0.248589, 1.82896, -0.0050509
0.486604, 1.72322, 0.00980127
1.23661, 1.68553, 0.0242344
1.98925, 1.68058, 0.0379525
2.74194, 1.68006, 0.0502711
3.49463, 1.68001, 0.0605648
4.24731, 1.68, 0.0681956
5, 1.68, 0.0743315
-10, 1.56, 0.0114084
-9.24707, 1.56001, -0.0122385
-8.49414, 1.56014, -0.0338887
-7.74121, 1.56132, -0.0511435
-6.9885, 1.57219, -0.0634217
-6.24289, 1.63934, -0.0706846
-5.50889, 1.75419, -0.0732402
-4.75874, 1.79418, -0.0715215
-4.00586, 1.79938, -0.0660773
-3.25293, 1.79994, -0.0575182
-2.5, 1.79987, -0.0465024
-1.74707, 1.79872, -0.0336594
-0.994346, 1.78823, -0.0196423
-0.24846, 1.7225, -0.00505837
0.485386, 1.60715, 0.0097906
1.2354, 1.56603, 0.0242136
1.98827, 1.56064, 0.0379353
2.74121, 1.56007, 0.0502598
3.49414, 1.56001, 0.0605586
4.24707, 1.56, 0.0681933
5, 1.56, 0.0743322
-10, 1.44, 0.0114076
-9.24682, 1.44001, -0.0122458
-8.49365, 1.44015, -0.0339009
-7.74048, 1.44143, -0.0511572
-6.98754, 1.4532, -0.0634306
-6.24229, 1.52595, -0.0706872
-5.50963, 1.65037, -0.0732414
-4.75947, 1.6937, -0.0715242
-4.00635, 1.69933, -0.0660816
-3.25318, 1.69993, -0.0575211
-2.5, 1.69986, -0.0465022
-1.74683, 1.69862, -0.033655
-0.993875, 1.68725, -0.0196387
-0.248332, 1.61604, -0.00506585
0.484168, 1.49108, 0.00977993
1.23418, 1.44653, 0.0241927
1.9873, 1.44069, 0.0379182
2.74047, 1.44007, 0.0502484
3.49365, 1.44001, 0.0605525
4.24682, 1.44, 0.0681909
5, 1.44, 0.0743329
-10, 1.32, 0.0114069
-9.24658, 1.32001, -0.012253
-8.49316, 1.32016, -0.0339131
-7.73974, 1.32154, -0.0511709
-6.98658, 1.33422, -0.0634394
-6.2417, 1.41256, -0.0706897
-5.51037, 1.54656, -0.0732426
-4.7602, 1.59321, -0.071527
-4.00684, 1.59928, -0.0660858
-3.25342, 1.59992, -0.0575241
-2.5, 1.59984, -0.046502
-1.74658, 1.59851, -0.0336506
-0.993404, 1.58627, -0.0196351
-0.248204, 1.50958, -0.00507333
0.482951, 1.375, 0.00976925
1.23296, 1.32703, 0.0241719
1.98632, 1.32074, 0.037901
2.73974, 1.32008, 0.0502371
3.49316, 1.32001, 0.0605463
4.24658, 1.32, 0.0681886
5, 1.32, 0.0743336
-10, 1.2, 0.0114061
-9.24634, 1.20002, -0.0122603
-8.49267, 1.20017, -0.0339253
-7.73901, 1.20165, -0.0511847
-6.98562, 1.21523, -0.0634482
-6.24111, 1.29917, -0.0706923
-5.51112, 1.44274, -0.0732438
-4.76093, 1.49273, -0.0715298
-4.00733, 1.49923, -0.0660901
-3.25366, 1.49992, -0.057527
-2.5, 1.49983, -0.0465018
-1.74634, 1.4984, -0.0336463
-0.992932, 1.48528, -0.0196316
-0.248076, 1.40312, -0.00508081
0.481733, 1.25893, 0.00975857
1.23175, 1.20753, 0.024151
1.98534, 1.2008, 0.0378839
2.73901, 1.20008, 0.0502258
3.49267, 1.20001, 0.0605401
4.24634, 1.2, 0.0681863
5, 1.2, 0.0743343
-10, 1.08, 0.0114053
-9.24609, 1.08002, -0.0122676
-8.49218, 1.08018, -0.0339375
-7.73828, 1.08176, -0.0511984
-6.98466, 1.09625, -0.063457
-6.24052, 1.18579, -0.0706948
-5.51186, 1.33892, -0.073245
-4.76166, 1.39224, -0.0715326
-4.00782, 1.39918, -0.0660943
-3.25391, 1.39991, -0.0575299
-2.5, 1.39982, -0.0465016
-1.74609, 1.3983, -0.0336419
-0.992461, 1.3843, -0.019628
-0.247947, 1.29666, -0.00508829
0.480515, 1.14286, 0.00974789
1.23053, 1.08804, 0.0241302
1.98437, 1.08085, 0.0378667
2.73827, 1.08009, 0.0502144
3.49218, 1.08001, 0.0605339
4.24609, 1.08, 0.0681839
5, 1.08, 0.074335
-10, 0.96, 0.0114045
-9.24585, 0.960018, -0.0122748
-8.49169, 0.960193, -0.0339498
-7.73754, 0.961873, -0.0512121
-6.9837, 0.977264, -0.0634658
-6.23992, 1.0724, -0.0706973
-5.5126, 1.23511, -0.0732461
-4.76239, 1.29176, -0.0715354
-4.00831, 1.29913, -0.0660986
-3.25415, 1.29991, -0.0575329
-2.5, 1.29981, -0.0465014
-1.74585, 1.29819, -0.0336375
-0.99199, 1.28332, -0.0196244
-0.247819, 1.19021, -0.00509577
0.479297, 1.02679, 0.00973721
1.22931, 0.968539, 0.0241093
1.98339, 0.960904, 0.0378495
2.73754, 0.960093, 0.0502031
3.49169, 0.960009, 0.0605277
4.24585, 0.960001, 0.0681816
5, 0.96, 0.0743357
-10, 0.84, 0.0114037
-9.2456, 0.840019, -0.0122821
-8.49121, 0.840204, -0.033962
-7.73681, 0.841983, -0.0512258
-6.98274, 0.85828, -0.0634746
-6.23933, 0.959009, -0.0706999
-5.51334, 1.13129, -0.0732473
-4.76311, 1.19127, -0.0715381
-4.00879, 1.19908, -0.0661028
-3.2544, 1.1999, -0.0575358
-2.5, 1.1998, -0.0465012
-1.74561, 1.19809, -0.0336331
-0.991519, 1.18234, -0.0196209
-0.247691, 1.08375, -0.00510324
0.478079, 0.910719, 0.00972652
1.2281, 0.849042, 0.0240885
1.98241, 0.840957, 0.0378324
2.73681, 0.840099, 0.0501918
3.49121, 0.84001, 0.0605216
4.2456, 0.840001, 0.0681793
5, 0.84, 0.0743364
-10, 0.72, 0.011403
-9.24536, 0.72002, -0.0122894
-8.49072, 0.720216, -0.0339742
-7.73608, 0.722093, -0.0512396
-6.98179, 0.739295, -0.0634834
-6.23874, 0.84562, -0.0707024
-5.51408, 1.02747, -0.0732485
-4.76384, 1.09079, -0.0715409
-4.00928, 1.09902, -0.0661071
-3.25464, 1.0999, -0.0575388
-2.5, 1.09979, -0.046501
-1.74536, 1.09798, -0.0336288
-0.991048, 1.08136, -0.0196173
-0.247562, 0.977289, -0.00511072
0.476862, 0.794648, 0.00971583
1.22688, 0.729544, 0.0240676
1.98143, 0.72101, 0.0378152
2.73608, 0.720104, 0.0501804
3.49072, 0.720011, 0.0605154
4.24536, 0.720001, 0.0681769
5, 0.72, 0.0743371
-10, 0.6, 0.0114022
-9.24511, 0.600021, -0.0122966
-8.49023, 0.600227, -0.0339864
-7.73535, 0.602203, -0.0512533
-6.98083, 0.620311, -0.0634922
-6.23815, 0.732232, -0.0707049
-5.51482, 0.923654, -0.0732497
-4.76457, 0.990304, -0.0715437
-4.00977, 0.998973, -0.0661113
-3.25489, 0.999892, -0.0575417
-2.5, 0.999778, -0.0465008
-1.74512, 0.997872, -0.0336244
-0.990577, 0.98038, -0.0196137
-0.247434, 0.87083, -0.0051182
0.475644, 0.678577, 0.00970513
1.22566, 0.610046, 0.0240467
1.98046, 0.601063, 0.037798
2.73534, 0.60011, 0.0501691
3.49023, 0.600011, 0.0605092
4.24511, 0.600001, 0.0681746
5, 0.6, 0.0743378
-10, 0.48, 0.0114014
-9.24487, 0.480022, -0.0123039
-8.48974, 0.480238, -0.0339986
-7.73461, 0.482313, -0.051267
-6.97987, 0.501326, -0.063501
-6.23755, 0.618843, -0.0707074
-5.51556, 0.819836, -0.0732509
-4.7653, 0.889819, -0.0715464
-4.01026, 0.898921, -0.0661156
-3.25513, 0.899887, -0.0575447
-2.5, 0.899766, -0.0465006
-1.74487, 0.897766, -0.03362
-0.990105, 0.879399, -0.0196101
-0.247306, 0.764372, -0.00512568
0.474426, 0.562506, 0.00969444
1.22445, 0.490549, 0.0240259
1.97948, 0.481117, 0.0377808
2.73461, 0.480115, 0.0501577
3.48974, 0.480012, 0.060503
4.24487, 0.480001, 0.0681722
5, 0.48, 0.0743385
-10, 0.36, 0.0114006
-9.24463, 0.360024, -0.0123112
-8.48925, 0.36025, -0.0340108
-7.73388, 0.362424, -0.0512807
-6.97891, 0.382342, -0.0635098
-6.23696, 0.505455, -0.07071
-5.5163, 0.716019, -0.073252
-4.76603, 0.789334, -0.0715492
-4.01075, 0.79887, -0.0661198
-3.25537, 0.799881, -0.0575476
-2.5, 0.799755, -0.0465004
-1.74463, 0.79766, -0.0336157
-0.989634, 0.778418, -0.0196066
-0.247177, 0.657913, -0.00513316
0.473208, 0.446435, 0.00968374
1.22323, 0.371051, 0.024005
1.9785, 0.36117, 0.0377637
2.73388, 0.360121, 0.0501464
3.48925, 0.360012, 0.0604968
4.24463, 0.360001, 0.0681699
5, 0.36, 0.0743392
-10, 0.24, 0.0113999
-9.24438, 0.240025, -0.0123184
-8.48876, 0.240261, -0.034023
-7.73315, 0.242534, -0.0512943
-6.97795, 0.263357, -0.0635186
-6.23637, 0.392066, -0.0707125
-5.51704, 0.612202, -0.0732532
-4.76676, 0.688849, -0.0715519
-4.01124, 0.698819, -0.0661241
-3.25562, 0.699876, -0.0575505
-2.5, 0.699744, -0.0465002
-1.74439, 0.697553, -0.0336113
-0.989163, 0.677437, -0.019603
-0.247049, 0.551455, -0.00514065
0.47199, 0.330364, 0.00967303
1.22201, 0.251553, 0.0239841
1.97753, 0.241223, 0.0377465
2.73314, 0.240126, 0.050135
3.48876, 0.240013, 0.0604906
4.24438, 0.240001, 0.0681676
5, 0.24, 0.0743399
-10, 0.12, 0.0113991
-9.24414, 0.120026, -0.0123257
-8.48827, 0.120273, -0.0340352
-7.73242, 0.122644, -0.051308
-6.97699, 0.144373, -0.0635273
-6.23577, 0.278678, -0.070715
-5.51778, 0.508384, -0.0732544
-4.76749, 0.588364, -0.0715547
-4.01172, 0.598767, -0.0661283
-3.25586, 0.599871, -0.0575535
-2.5, 0.599733, -0.0465
-1.74414, 0.597447, -0.0336069
-0.988692, 0.576456, -0.0195994
-0.246921, 0.444997, -0.00514813
0.470773, 0.214293, 0.00966233
1.2208, 0.132056, 0.0239633
1.97655, 0.121276, 0.0377293
2.73241, 0.120132, 0.0501237
3.48827, 0.120013, 0.0604844
4.24414, 0.120001, 0.0681652
5, 0.12, 0.0743406
-10, 0, 0.0113983
-9.24389, 2.67584e-05, -0.0123329
-8.48779, 0.000283919, -0.0340474
-7.73168, 0.00275405, -0.0513217
-6.97603, 0.0253884, -0.0635361
-6.23518, 0.16529, -0.0707175
-5.51853, 0.404567, -0.0732556
-4.76821, 0.48788, -0.0715574
-4.01221, 0.498716, -0.0661326
-3.25611, 0.499865, -0.0575564
-2.5, 0.499722, -0.0464998
-1.7439, 0.497341, -0.0336025
-0.988221, 0.475475, -0.0195959
-0.246793, 0.338538, -0.00515561
0.469555, 0.0982214, 0.00965162
1.21958, 0.0125581, 0.0239424
1.97557, 0.00132933, 0.0377121
2.73168, 0.000137381, 0.0501123
3.48779, 1.38368e-05, 0.0604782
4.24389, 1.17908e-06, 0.0681629
5, 0, 0.0743413
