20, 30
-10, 3, 1
-9.5, 3, 1
-9, 3, 1
-8.5, 3, 1
-8, 3, 1
-7.5, 3, 1
-7, 3, 1
-6.5, 3, 1
-6, 3, 1
-5.5, 3, 0.999998
-5, 3, 0.999998
-4.5, 3, 0.999998
-4, 3, 0.999999
-3.5, 3, 0.999999
-3, 3, 1
-2.5, 3, 1
-2, 3, 1
-1.5, 3, 1
-1, 3, 1
-0.5, 3, 1
-8.88178e-16, 3, 1
0.5, 3, 1
1, 3, 1
1.5, 3, 1
2, 3, 1
2.5, 3, 1
3, 3, 1
3.5, 3, 1
4, 3, 1
4.5, 3, 1
5, 3, 1
-10, 2.85, 1
-9.4998, 2.85, 1
-8.99959, 2.85, 1
-8.49939, 2.85001, 1
-7.99919, 2.85006, 1
-7.49898, 2.85029, 1
-6.9988, 2.85127, 1
-6.49888, 2.85482, 1
-5.9999, 2.86254, 1
-5.50093, 2.87023, 0.999998
-5.001, 2.87374, 0.999998
-4.50081, 2.87471, 0.999998
-4.00061, 2.87494, 0.999999
-3.50041, 2.87499, 0.999999
-3.0002, 2.875, 1
-2.5, 2.87499, 1
-1.9998, 2.87494, 1
-1.49959, 2.87472, 1
-0.999411, 2.87377, 1
-0.499471, 2.87032, 1
-0.000476536, 2.86268, 1
0.498478, 2.85491, 1
0.998395, 2.8513, 1
1.49858, 2.8503, 1
1.99878, 2.85007, 1
2.49898, 2.85001, 1
2.99919, 2.85, 1
3.49939, 2.85, 1
3.99959, 2.85, 1
4.4998, 2.85, 1
5, 2.85, 1
-10, 2.7, 1
-9.49959, 2.7, 1
-8.99919, 2.70001, 1
-8.49878, 2.70003, 1
-7.99837, 2.70013, 1
-7.49797, 2.70058, 1
-6.9976, 2.70254, 1
-6.49775, 2.70964, 1
-5.99981, 2.72507, 1
-5.50185, 2.74046, 0.999998
-5.00199, 2.74749, 0.999998
-4.50163, 2.74942, 0.999998
-4.00122, 2.74987, 0.999999
-3.50081, 2.74997, 0.999999
-3.00041, 2.74999, 1
-2.5, 2.74997, 1
-1.99959, 2.74987, 1
-1.49919, 2.74944, 1
-0.998822, 2.74755, 1
-0.498942, 2.74064, 1
-0.000953073, 2.72536, 1
0.496955, 2.70982, 1
0.996791, 2.7026, 1
1.49715, 2.7006, 1
1.99756, 2.70013, 1
2.49796, 2.70003, 1
2.99837, 2.70001, 1
3.49878, 2.7, 1
3.99919, 2.7, 1
4.49959, 2.7, 1
5, 2.7, 1
-10, 2.55, 1
-9.49939, 2.55, 1
-8.99878, 2.55001, 1
-8.49817, 2.55004, 1
-7.99756, 2.55019, 1
-7.49695, 2.55087, 1
-6.99641, 2.55381, 1
-6.49663, 2.56445, 1
-5.99971, 2.58761, 1
-5.50278, 2.61069, 0.999998
-5.00299, 2.62123, 0.999998
-4.50244, 2.62413, 0.999998
-4.00183, 2.62481, 0.999999
-3.50122, 2.62496, 0.999999
-3.00061, 2.62499, 1
-2.5, 2.62496, 1
-1.99939, 2.62481, 1
-1.49878, 2.62416, 1
-0.998233, 2.62132, 1
-0.498413, 2.61096, 1
-0.00142961, 2.58804, 1
0.495433, 2.56473, 1
0.995186, 2.5539, 1
1.49573, 2.5509, 1
1.99634, 2.5502, 1
2.49695, 2.55004, 1
2.99756, 2.55001, 1
3.49817, 2.55, 1
3.99878, 2.55, 1
4.49939, 2.55, 1
5, 2.55, 1
-10, 2.4, 1
-9.49919, 2.4, 1
-8.99837, 2.40001, 1
-8.49756, 2.40006, 1
-7.99674, 2.40026, 1
-7.49593, 2.40117, 1
-6.99521, 2.40508, 1
-6.4955, 2.41927, 1
-5.99962, 2.45014, 1
-5.50371, 2.48091, 0.999998
-5.00398, 2.49498, 0.999998
-4.50325, 2.49885, 0.999998
-4.00244, 2.49974, 0.999999
-3.50163, 2.49994, 0.999999
-3.00081, 2.49999, 1
-2.5, 2.49994, 1
-1.99919, 2.49975, 1
-1.49838, 2.49887, 1
-0.997644, 2.49509, 1
-0.497884, 2.48128, 1
-0.00190615, 2.45071, 1
0.493911, 2.41964, 1
0.993582, 2.4052, 1
1.49431, 2.4012, 1
1.99511, 2.40027, 1
2.49593, 2.40006, 1
2.99674, 2.40001, 1
3.49756, 2.4, 1
3.99837, 2.4, 1
4.49919, 2.4, 1
5, 2.4, 1
-10, 2.25, 1
-9.49898, 2.25, 1
-8.99796, 2.25002, 1
-8.49695, 2.25007, 1
-7.99593, 2.25032, 1
-7.49492, 2.25146, 1
-6.99401, 2.25635, 1
-6.49438, 2.27409, 1
-5.99952, 2.31268, 1
-5.50463, 2.35114, 0.999998
-5.00498, 2.36872, 0.999998
-4.50407, 2.37356, 0.999998
-4.00305, 2.37468, 0.999999
-3.50204, 2.37493, 0.999999
-3.00102, 2.37498, 1
-2.5, 2.37493, 1
-1.99898, 2.37469, 1
-1.49797, 2.37359, 1
-0.997055, 2.36887, 1
-0.497355, 2.3516, 1
-0.00238268, 2.31339, 1
0.492389, 2.27456, 1
0.991977, 2.2565, 1
1.49288, 2.25149, 1
1.99389, 2.25033, 1
2.49491, 2.25007, 1
2.99593, 2.25002, 1
3.49695, 2.25, 1
3.99796, 2.25, 1
4.49898, 2.25, 1
5, 2.25, 1
-10, 2.1, 1
-9.49878, 2.1, 1
-8.99756, 2.10002, 1
-8.49634, 2.10009, 1
-7.99511, 2.10039, 1
-7.4939, 2.10175, 1
-6.99281, 2.10762, 1
-6.49325, 2.12891, 1
-5.99943, 2.17521, 1
-5.50556, 2.22137, 0.999998
-5.00597, 2.24247, 0.999998
-4.50488, 2.24827, 0.999998
-4.00366, 2.24961, 0.999999
-3.50244, 2.24991, 0.999999
-3.00122, 2.24998, 1
-2.5, 2.24992, 1
-1.99878, 2.24962, 1
-1.49756, 2.24831, 1
-0.996466, 2.24264, 1
-0.496826, 2.22192, 1
-0.00285922, 2.17607, 1
0.490866, 2.12947, 1
0.990373, 2.1078, 1
1.49146, 2.10179, 1
1.99267, 2.1004, 1
2.49389, 2.10009, 1
2.99511, 2.10002, 1
3.49634, 2.1, 1
3.99756, 2.1, 1
4.49878, 2.1, 1
5, 2.1, 1
-10, 1.95, 1
-9.49857, 1.95, 1
-8.99715, 1.95002, 1
-8.49572, 1.9501, 1
-7.9943, 1.95045, 1
-7.49288, 1.95204, 1
-6.99161, 1.95889, 1
-6.49213, 1.98372, 1
-5.99933, 2.03775, 1
-5.50648, 2.0916, 0.999998
-5.00697, 2.11621, 0.999998
-4.50569, 2.12298, 0.999998
-4.00427, 2.12455, 0.999999
-3.50285, 2.1249, 0.999999
-3.00143, 2.12498, 1
-2.5, 2.1249, 1
-1.99858, 2.12456, 1
-1.49716, 2.12303, 1
-0.995877, 2.11642, 1
-0.496297, 2.09224, 1
-0.00333576, 2.03875, 1
0.489344, 1.98438, 1
0.988768, 1.95909, 1
1.49003, 1.95209, 1
1.99145, 1.95047, 1
2.49287, 1.9501, 1
2.9943, 1.95002, 1
3.49572, 1.95, 1
3.99715, 1.95, 1
4.49857, 1.95, 1
5, 1.95, 1
-10, 1.8, 1
-9.49837, 1.8, 1
-8.99674, 1.80002, 1
-8.49511, 1.80011, 1
-7.99349, 1.80052, 1
-7.49187, 1.80233, 1
-6.99041, 1.81016, 1
-6.491, 1.83854, 1
-5.99924, 1.90029, 1
-5.50741, 1.96183, 0.999998
-5.00796, 1.98996, 0.999998
-4.5065, 1.99769, 0.999998
-4.00489, 1.99949, 0.999999
-3.50326, 1.99989, 0.999999
-3.00163, 1.99997, 1
-2.5, 1.99989, 1
-1.99837, 1.9995, 1
-1.49675, 1.99775, 1
-0.995288, 1.99019, 1
-0.495768, 1.96256, 1
-0.00381229, 1.90143, 1
0.487822, 1.83929, 0.999999
0.987164, 1.81039, 1
1.48861, 1.80239, 1
1.99023, 1.80053, 1
2.49186, 1.80012, 1
2.99349, 1.80003, 1
3.49511, 1.80001, 1
3.99674, 1.8, 1
4.49837, 1.8, 1
5, 1.8, 1
-10, 1.65, 1
-9.49817, 1.65, 1
-8.99634, 1.65003, 1
-8.4945, 1.65013, 1
-7.99267, 1.65058, 1
-7.49085, 1.65262, 1
-6.98922, 1.66142, 1
-6.48988, 1.69336, 1
-5.99914, 1.76282, 1
-5.50834, 1.83206, 0.999998
-5.00896, 1.8637, 0.999998
-4.50732, 1.8724, 0.999998
-4.0055, 1.87442, 0.999999
-3.50366, 1.87487, 0.999999
-3.00183, 1.87497, 1
-2.5, 1.87487, 1
-1.99817, 1.87444, 1
-1.49635, 1.87247, 1
-0.994699, 1.86396, 1
-0.49524, 1.83288, 1
-0.00428883, 1.76411, 1
0.4863, 1.6942, 0.999999
0.985559, 1.66169, 1
1.48719, 1.65269, 1
1.98901, 1.6506, 1
2.49084, 1.65013, 1
2.99267, 1.65003, 1
3.4945, 1.65001, 1
3.99634, 1.65, 1
4.49817, 1.65, 1
5, 1.65, 1
-10, 1.5, 1
-9.49796, 1.50001, 1
-8.99593, 1.50003, 1
-8.49389, 1.50014, 1
-7.99186, 1.50065, 1
-7.48983, 1.50292, 1
-6.98802, 1.51269, 1
-6.48875, 1.54818, 1
-5.99905, 1.62536, 1
-5.50926, 1.70228, 0.999998
-5.00995, 1.73745, 0.999998
-4.50813, 1.74712, 0.999998
-4.00611, 1.74936, 0.999999
-3.50407, 1.74986, 0.999999
-3.00204, 1.74997, 1
-2.5, 1.74986, 1
-1.99796, 1.74937, 1
-1.49594, 1.74719, 1
-0.99411, 1.73774, 1
-0.494711, 1.7032, 1
-0.00476536, 1.62679, 1
0.484777, 1.54911, 0.999999
0.983955, 1.51299, 1
1.48576, 1.50299, 1
1.98779, 1.50066, 1
2.48982, 1.50015, 1
2.99186, 1.50003, 1
3.49389, 1.50001, 1
3.99593, 1.5, 1
4.49796, 1.5, 1
5, 1.5, 1
-10, 1.35, 1
-9.49776, 1.35001, 1
-8.99552, 1.35003, 1
-8.49328, 1.35016, 1
-7.99104, 1.35071, 1
-7.48882, 1.35321, 1
-6.98682, 1.36396, 1
-6.48763, 1.40299, 1
-5.99895, 1.48789, 1
-5.51019, 1.57251, 0.999998
-5.01095, 1.61119, 0.999998
-4.50894, 1.62183, 0.999998
-4.00672, 1.62429, 0.999999
-3.50448, 1.62484, 0.999999
-3.00224, 1.62496, 1
-2.5, 1.62485, 1
-1.99776, 1.62431, 1
-1.49553, 1.6219, 1
-0.993521, 1.61151, 1
-0.494182, 1.57352, 1
-0.0052419, 1.48946, 1
0.483255, 1.40402, 0.999999
0.98235, 1.36429, 1
1.48434, 1.35329, 1
1.98656, 1.35073, 1
2.4888, 1.35016, 1
2.99104, 1.35004, 1
3.49328, 1.35001, 1
3.99552, 1.35, 1
4.49776, 1.35, 1
5, 1.35, 1
-10, 1.2, 1
-9.49756, 1.20001, 1
-8.99511, 1.20004, 1
-8.49267, 1.20017, 1
-7.99023, 1.20078, 1
-7.4878, 1.2035, 1
-6.98562, 1.21523, 1
-6.4865, 1.25781, 1
-5.99886, 1.35043, 1
-5.51112, 1.44274, 0.999998
-5.01194, 1.48494, 0.999998
-4.50976, 1.49654, 0.999998
-4.00733, 1.49923, 0.999999
-3.50489, 1.49983, 0.999999
-3.00244, 1.49996, 1
-2.5, 1.49983, 1
-1.99756, 1.49925, 1
-1.49513, 1.49662, 1
-0.992932, 1.48528, 1
-0.493653, 1.44384, 1
-0.00571844, 1.35214, 1
0.481733, 1.25893, 0.999999
0.980746, 1.21559, 1
1.48292, 1.20359, 1
1.98534, 1.2008, 1
2.48779, 1.20018, 1
2.99023, 1.20004, 1
3.49267, 1.20001, 1
3.99511, 1.2, 1
4.49756, 1.2, 1
5, 1.2, 1
-10, 1.05, 1
-9.49735, 1.05001, 1
-8.99471, 1.05004, 1
-8.49206, 1.05018, 1
-7.98941, 1.05084, 1
-7.48678, 1.05379, 1
-6.98442, 1.0665, 1
-6.48538, 1.11263, 1
-5.99876, 1.21296, 1
-5.51204, 1.31297, 0.999998
-5.01294, 1.35868, 0.999998
-4.51057, 1.37125, 0.999998
-4.00794, 1.37417, 0.999999
-3.50529, 1.37481, 0.999999
-3.00265, 1.37496, 1
-2.5, 1.37482, 1
-1.99735, 1.37419, 1
-1.49472, 1.37134, 1
-0.992343, 1.35906, 1
-0.493124, 1.31416, 1
-0.00619497, 1.21482, 1
0.480211, 1.11384, 0.999999
0.979141, 1.06689, 1
1.48149, 1.05388, 1
1.98412, 1.05086, 1
2.48677, 1.05019, 1
2.98941, 1.05004, 1
3.49206, 1.05001, 1
3.99471, 1.05, 1
4.49735, 1.05, 1
5, 1.05, 1
-10, 0.9, 1
-9.49715, 0.900008, 1
-8.9943, 0.900042, 1
-8.49145, 0.900199, 1
-7.9886, 0.900907, 1
-7.48577, 0.904083, 1
-6.98322, 0.917772, 1
-6.48425, 0.967447, 1
-5.99867, 1.0755, 1
-5.51297, 1.1832, 0.999998
-5.01393, 1.23243, 0.999998
-4.51138, 1.24596, 0.999998
-4.00855, 1.2491, 0.999999
-3.5057, 1.2498, 0.999999
-3.00285, 1.24996, 1
-2.5, 1.24981, 1
-1.99715, 1.24912, 1
-1.49432, 1.24606, 1
-0.991754, 1.23283, 1
-0.492595, 1.18448, 1
-0.00667151, 1.0775, 1
0.478688, 0.968755, 0.999999
0.977537, 0.918189, 1
1.48007, 0.904184, 1
1.9829, 0.900931, 1
2.48575, 0.900205, 1
2.9886, 0.900045, 1
3.49145, 0.90001, 1
3.9943, 0.900002, 1
4.49715, 0.9, 1
5, 0.9, 1
-10, 0.75, 1
-9.49695, 0.750008, 1
-8.99389, 0.750045, 1
-8.49084, 0.750213, 1
-7.98779, 0.750972, 1
-7.48475, 0.754374, 1
-6.98203, 0.769041, 1
-6.48313, 0.822264, 1
-5.99857, 0.938034, 1
-5.51389, 1.05343, 0.999998
-5.01493, 1.10617, 0.999998
-4.5122, 1.12067, 0.999998
-4.00916, 1.12404, 0.999999
-3.50611, 1.12479, 0.999999
-3.00305, 1.12495, 1
-2.5, 1.12479, 1
-1.99695, 1.12406, 1
-1.49391, 1.12078, 1
-0.991165, 1.10661, 1
-0.492066, 1.0548, 1
-0.00714805, 0.940179, 1
0.477166, 0.823666, 0.999999
0.975932, 0.769488, 1
1.47864, 0.754483, 1
1.98168, 0.750997, 1
2.48473, 0.75022, 1
2.98779, 0.750048, 1
3.49084, 0.75001, 1
3.99389, 0.750002, 1
4.49695, 0.75, 1
5, 0.75, 1
-10, 0.6, 1
-9.49674, 0.600009, 1
-8.99349, 0.600048, 1
-8.49023, 0.600227, 1
-7.98697, 0.601036, 1
-7.48373, 0.604666, 1
-6.98083, 0.620311, 1
-6.482, 0.677082, 1
-5.99848, 0.80057, 1
-5.51482, 0.923654, 0.999998
-5.01592, 0.979919, 0.999998
-4.51301, 0.995386, 0.999998
-4.00977, 0.998973, 0.999999
-3.50651, 0.999772, 0.999999
-3.00326, 0.999949, 1
-2.5, 0.999778, 1
-1.99674, 0.998998, 1
-1.4935, 0.995497, 1
-0.990577, 0.98038, 1
-0.491537, 0.925116, 0.999999
-0.00762458, 0.802858, 1
0.475644, 0.678577, 0.999999
0.974328, 0.620787, 1
1.47722, 0.604781, 1
1.98046, 0.601063, 1
2.48371, 0.600235, 1
2.98697, 0.600051, 1
3.49023, 0.600011, 1
3.99349, 0.600002, 1
4.49674, 0.6, 1
5, 0.6, 1
-10, 0.45, 1
-9.49654, 0.450009, 1
-8.99308, 0.450051, 1
-8.48962, 0.450241, 1
-7.98616, 0.451101, 1
-7.48272, 0.454958, 1
-6.97963, 0.47158, 1
-6.48088, 0.531899, 1
-5.99838, 0.663106, 1
-5.51575, 0.793882, 0.999998
-5.01692, 0.853664, 0.999998
-4.51382, 0.870098, 0.999998
-4.01038, 0.873908, 0.999999
-3.50692, 0.874758, 0.999999
-3.00346, 0.874945, 1
-2.5, 0.874764, 1
-1.99654, 0.873935, 1
-1.4931, 0.870216, 1
-0.989988, 0.854153, 1
-0.491008, 0.795436, 0.999999
-0.00810112, 0.665537, 1
0.474122, 0.533488, 0.999999
0.972723, 0.472086, 1
1.4758, 0.45508, 1
1.97924, 0.45113, 1
2.4827, 0.450249, 1
2.98616, 0.450055, 1
3.48962, 0.450012, 1
3.99308, 0.450002, 1
4.49654, 0.45, 1
5, 0.45, 1
-10, 0.3, 1
-9.49634, 0.30001, 1
-8.99267, 0.300054, 1
-8.48901, 0.300256, 1
-7.98534, 0.301166, 1
-7.4817, 0.305249, 1
-6.97843, 0.32285, 1
-6.47975, 0.386717, 1
-5.99828, 0.525641, 1
-5.51667, 0.66411, 0.999998
-5.01791, 0.727409, 0.999998
-4.51464, 0.74481, 0.999998
-4.01099, 0.748844, 0.999999
-3.50733, 0.749743, 0.999999
-3.00366, 0.749942, 1
-2.5, 0.74975, 1
-1.99634, 0.748872, 1
-1.49269, 0.744934, 1
-0.989399, 0.727927, 1
-0.490479, 0.665756, 0.999999
-0.00857766, 0.528215, 1
0.472599, 0.388399, 0.999998
0.971119, 0.323385, 1
1.47437, 0.305379, 1
1.97801, 0.301196, 1
2.48168, 0.300264, 1
2.98534, 0.300058, 1
3.48901, 0.300012, 1
3.99267, 0.300003, 1
4.49634, 0.3, 1
5, 0.3, 1
-10, 0.15, 1
-9.49613, 0.15001, 1
-8.99226, 0.150057, 1
-8.4884, 0.15027, 1
-7.98453, 0.151231, 1
-7.48068, 0.155541, 1
-6.97723, 0.174119, 1
-6.47863, 0.241535, 1
-5.99819, 0.388177, 1
-5.5176, 0.534339, 0.999998
-5.01891, 0.601154, 0.999998
-4.51545, 0.619521, 0.999998
-4.0116, 0.62378, 0.999999
-3.50774, 0.624729, 0.999999
-3.00387, 0.624939, 1
-2.5, 0.624736, 1
-1.99613, 0.62381, 1
-1.49229, 0.619653, 1
-0.98881, 0.601701, 1
-0.48995, 0.536076, 0.999999
-0.00905419, 0.390894, 1
0.471077, 0.24331, 0.999998
0.969514, 0.174685, 1
1.47295, 0.155678, 1
1.97679, 0.151263, 1
2.48066, 0.150278, 1
2.98453, 0.150061, 1
3.4884, 0.150013, 1
3.99226, 0.150003, 1
4.49613, 0.15, 1
5, 0.15, 1
-10, 0, 1
-9.49593, 1.09623e-05, 1
-8.99186, 6.03454e-05, 1
-8.48779, 0.000283919, 1
-7.98372, 0.00129537, 1
-7.47967, 0.00583237, 1
-6.97603, 0.0253884, 1
-6.4775, 0.0963522, 1
-5.99809, 0.250713, 1
-5.51853, 0.404567, 0.999998
-5.0199, 0.474899, 0.999998
-4.51626, 0.494233, 0.999998
-4.01221, 0.498716, 0.999999
-3.50814, 0.499715, 0.999999
-3.00407, 0.499936, 1
-2.5, 0.499722, 1
-1.99593, 0.498747, 1
-1.49188, 0.494371, 1
-0.988221, 0.475475, 1
-0.489421, 0.406395, 0.999999
-0.00953073, 0.253573, 1
0.469555, 0.0982214, 0.999998
0.96791, 0.0259838, 1
1.47153, 0.00597668, 1
1.97557, 0.00132933, 1
2.47964, 0.000293146, 1
2.98371, 6.4244e-05, 1
3.48779, 1.38368e-05, 1
3.99186, 2.8005e-06, 1
4.49593, 4.43647e-07, 1
5, 0, 1
