50, 20
-10, 3, -0.0157126
-9.25, 3, -0.02225
-8.5, 3, -0.0258844
-7.75, 3, -0.0197155
-7, 3, -0.013117
-6.25, 3, -0.0066069
-5.5, 3, -0.000555954
-4.75, 3, 0.00479985
-4, 3, 0.0093366
-3.25, 3, 0.0130142
-2.5, 3, 0.0158473
-1.75, 3, 0.0178796
-1, 3, 0.0191621
-0.25, 3, 0.0197358
0.5, 3, 0.0196216
1.25, 3, 0.0188143
2, 3, 0.0172874
2.75, 3, 0.0149941
3.5, 3, 0.0118837
4.25, 3, 0.00709319
5, 3, 0.00406834
-10, 2.94, -0.0157122
-9.24988, 2.94, -0.0222491
-8.49976, 2.94001, -0.0258825
-7.74963, 2.94006, -0.0197115
-6.99952, 2.94051, -0.013114
-6.2497, 2.94331, -0.00660807
-5.50037, 2.94809, -0.000556353
-4.75036, 2.94976, 0.0047985
-4.00024, 2.94997, 0.00933511
-3.25012, 2.95, 0.0130136
-2.5, 2.94999, 0.0158472
-1.74988, 2.94995, 0.017878
-0.999764, 2.94951, 0.0191592
-0.249936, 2.94677, 0.0197427
0.499391, 2.94196, 0.019626
1.24939, 2.94025, 0.0188111
1.99951, 2.94003, 0.0172881
2.74963, 2.94, 0.0149955
3.49976, 2.94, 0.0118848
4.24988, 2.94, 0.00709382
5, 2.94, 0.00406869
-10, 2.88, -0.0157118
-9.24976, 2.88, -0.0222483
-8.49951, 2.88001, -0.0258806
-7.74927, 2.88011, -0.0197074
-6.99904, 2.88102, -0.013111
-6.24941, 2.88661, -0.00660925
-5.50074, 2.89618, -0.000556753
-4.75073, 2.89952, 0.00479714
-4.00049, 2.89995, 0.00933361
-3.25024, 2.89999, 0.013013
-2.5, 2.89999, 0.015847
-1.74976, 2.89989, 0.0178763
-0.999529, 2.89902, 0.0191562
-0.249872, 2.89354, 0.0197495
0.498782, 2.88393, 0.0196304
1.24878, 2.8805, 0.0188079
1.99902, 2.88005, 0.0172888
2.74927, 2.88001, 0.0149968
3.49951, 2.88, 0.0118859
4.24976, 2.88, 0.00709446
5, 2.88, 0.00406903
-10, 2.82, -0.0157114
-9.24963, 2.82, -0.0222474
-8.49927, 2.82002, -0.0258785
-7.7489, 2.82017, -0.0197032
-6.99856, 2.82152, -0.0131078
-6.24911, 2.82992, -0.00661038
-5.50111, 2.84427, -0.000557148
-4.75109, 2.84927, 0.00479572
-4.00073, 2.84992, 0.00933206
-3.25037, 2.84999, 0.0130123
-2.5, 2.84998, 0.0158469
-1.74963, 2.84984, 0.0178747
-0.999293, 2.84853, 0.0191531
-0.249808, 2.84031, 0.0197564
0.498173, 2.82589, 0.0196343
1.24817, 2.82075, 0.0188042
1.99853, 2.82008, 0.0172892
2.7489, 2.82001, 0.014998
3.49927, 2.82, 0.0118869
4.24963, 2.82, 0.00709509
5, 2.82, 0.00406938
-10, 2.76, -0.015711
-9.24951, 2.76, -0.0222465
-8.49902, 2.76002, -0.0258765
-7.74853, 2.76022, -0.019699
-6.99808, 2.76203, -0.0131046
-6.24881, 2.77322, -0.00661151
-5.50148, 2.79237, -0.000557544
-4.75146, 2.79903, 0.0047943
-4.00098, 2.7999, 0.00933051
-3.25049, 2.79999, 0.0130117
-2.5, 2.79998, 0.0158467
-1.74951, 2.79979, 0.017873
-0.999058, 2.79804, 0.01915
-0.249743, 2.78708, 0.0197633
0.497564, 2.76786, 0.0196381
1.24757, 2.761, 0.0188005
1.99805, 2.76011, 0.0172895
2.74853, 2.76001, 0.0149992
3.49902, 2.76, 0.011888
4.24951, 2.76, 0.00709572
5, 2.76, 0.00406973
-10, 2.7, -0.0157107
-9.24939, 2.7, -0.0222456
-8.49878, 2.70003, -0.0258745
-7.74817, 2.70028, -0.0196948
-6.9976, 2.70254, -0.0131014
-6.24852, 2.71653, -0.00661264
-5.50185, 2.74046, -0.00055794
-4.75182, 2.74879, 0.00479288
-4.00122, 2.74987, 0.00932896
-3.25061, 2.74999, 0.0130111
-2.5, 2.74997, 0.0158466
-1.74939, 2.74973, 0.0178713
-0.998822, 2.74755, 0.0191469
-0.249679, 2.73385, 0.0197702
0.496955, 2.70982, 0.019642
1.24696, 2.70126, 0.0187968
1.99756, 2.70013, 0.0172899
2.74817, 2.70001, 0.0150005
3.49878, 2.7, 0.011889
4.24939, 2.7, 0.00709634
5, 2.7, 0.00407007
-10, 2.64, -0.0157103
-9.24927, 2.64, -0.0222447
-8.49853, 2.64003, -0.0258724
-7.7478, 2.64033, -0.0196906
-6.99712, 2.64305, -0.0130982
-6.24822, 2.65983, -0.00661378
-5.50222, 2.68855, -0.000558337
-4.75219, 2.69855, 0.00479146
-4.00147, 2.69985, 0.00932741
-3.25073, 2.69998, 0.0130104
-2.5, 2.69997, 0.0158465
-1.74927, 2.69968, 0.0178696
-0.998586, 2.69706, 0.0191438
-0.249615, 2.68062, 0.0197771
0.496347, 2.65179, 0.0196459
1.24635, 2.64151, 0.0187931
1.99707, 2.64016, 0.0172903
2.7478, 2.64002, 0.0150017
3.49853, 2.64, 0.0118901
4.24927, 2.64, 0.00709697
5, 2.64, 0.00407042
-10, 2.58, -0.0157099
-9.24914, 2.58, -0.0222439
-8.49829, 2.58004, -0.0258704
-7.74744, 2.58039, -0.0196864
-6.99664, 2.58355, -0.013095
-6.24793, 2.60314, -0.00661491
-5.50259, 2.63664, -0.000558733
-4.75255, 2.6483, 0.00479003
-4.00171, 2.64982, 0.00932586
-3.25086, 2.64998, 0.0130098
-2.5, 2.64996, 0.0158463
-1.74915, 2.64963, 0.0178679
-0.998351, 2.64657, 0.0191407
-0.249551, 2.6274, 0.019784
0.495738, 2.59375, 0.0196497
1.24574, 2.58176, 0.0187894
1.99658, 2.58019, 0.0172907
2.74743, 2.58002, 0.0150029
3.49829, 2.58, 0.0118912
4.24914, 2.58, 0.0070976
5, 2.58, 0.00407077
-10, 2.52, -0.0157095
-9.24902, 2.52, -0.022243
-8.49805, 2.52005, -0.0258683
-7.74707, 2.52044, -0.0196822
-6.99617, 2.52406, -0.0130918
-6.24763, 2.54645, -0.00661605
-5.50296, 2.58473, -0.00055913
-4.75291, 2.59806, 0.00478861
-4.00195, 2.59979, 0.00932431
-3.25098, 2.59998, 0.0130092
-2.5, 2.59996, 0.0158462
-1.74902, 2.59957, 0.0178663
-0.998115, 2.59608, 0.0191376
-0.249487, 2.57417, 0.0197909
0.495129, 2.53572, 0.0196536
1.24513, 2.52201, 0.0187857
1.99609, 2.52021, 0.0172911
2.74707, 2.52002, 0.0150041
3.49805, 2.52, 0.0118922
4.24902, 2.52, 0.00709823
5, 2.52, 0.00407111
-10, 2.46, -0.0157091
-9.2489, 2.46, -0.0222421
-8.4978, 2.46005, -0.0258663
-7.7467, 2.4605, -0.0196779
-6.99569, 2.46457, -0.0130886
-6.24733, 2.48975, -0.00661719
-5.50333, 2.53282, -0.000559527
-4.75328, 2.54782, 0.00478719
-4.0022, 2.54977, 0.00932276
-3.2511, 2.54998, 0.0130086
-2.5, 2.54995, 0.0158461
-1.7489, 2.54952, 0.0178646
-0.99788, 2.54559, 0.0191345
-0.249423, 2.52094, 0.0197978
0.49452, 2.47768, 0.0196575
1.24452, 2.46226, 0.018782
1.9956, 2.46024, 0.0172914
2.7467, 2.46002, 0.0150053
3.4978, 2.46, 0.0118933
4.2489, 2.46, 0.00709885
5, 2.46, 0.00407146
-10, 2.4, -0.0157087
-9.24878, 2.40001, -0.0222412
-8.49756, 2.40006, -0.0258643
-7.74634, 2.40055, -0.0196737
-6.99521, 2.40508, -0.0130854
-6.24704, 2.43306, -0.00661834
-5.50371, 2.48091, -0.000559924
-4.75364, 2.49758, 0.00478577
-4.00244, 2.49974, 0.00932121
-3.25122, 2.49997, 0.0130079
-2.5, 2.49994, 0.0158459
-1.74878, 2.49947, 0.0178629
-0.997644, 2.49509, 0.0191314
-0.249359, 2.46771, 0.0198047
0.493911, 2.41964, 0.0196614
1.24392, 2.40251, 0.0187783
1.99511, 2.40027, 0.0172918
2.74634, 2.40003, 0.0150065
3.49756, 2.4, 0.0118943
4.24878, 2.4, 0.00709948
5, 2.4, 0.0040718
-10, 2.34, -0.0157083
-9.24866, 2.34001, -0.0222403
-8.49731, 2.34006, -0.0258622
-7.74597, 2.34061, -0.0196695
-6.99473, 2.34559, -0.0130822
-6.24674, 2.37636, -0.00661948
-5.50408, 2.429, -0.000560321
-4.75401, 2.44733, 0.00478435
-4.00269, 2.44972, 0.00931966
-3.25134, 2.44997, 0.0130073
-2.5, 2.44994, 0.0158458
-1.74866, 2.44941, 0.0178612
-0.997409, 2.4446, 0.0191283
-0.249294, 2.41448, 0.0198116
0.493302, 2.36161, 0.0196652
1.24331, 2.34276, 0.0187747
1.99463, 2.34029, 0.0172922
2.74597, 2.34003, 0.0150077
3.49731, 2.34, 0.0118954
4.24866, 2.34, 0.00710011
5, 2.34, 0.00407215
-10, 2.28, -0.0157079
-9.24853, 2.28001, -0.0222394
-8.49707, 2.28007, -0.0258602
-7.7456, 2.28066, -0.0196653
-6.99425, 2.28609, -0.013079
-6.24644, 2.31967, -0.00662062
-5.50445, 2.3771, -0.000560719
-4.75437, 2.39709, 0.00478293
-4.00293, 2.39969, 0.00931811
-3.25147, 2.39997, 0.0130067
-2.5, 2.39993, 0.0158456
-1.74854, 2.39936, 0.0178596
-0.997173, 2.39411, 0.0191252
-0.24923, 2.36125, 0.0198185
0.492693, 2.30357, 0.0196691
1.2427, 2.28301, 0.018771
1.99414, 2.28032, 0.0172926
2.7456, 2.28003, 0.0150089
3.49707, 2.28, 0.0118964
4.24853, 2.28, 0.00710074
5, 2.28, 0.0040725
-10, 2.22, -0.0157075
-9.24841, 2.22001, -0.0222386
-8.49682, 2.22007, -0.0258582
-7.74524, 2.22072, -0.0196611
-6.99377, 2.2266, -0.0130758
-6.24615, 2.26298, -0.00662177
-5.50482, 2.32519, -0.000561117
-4.75474, 2.34685, 0.00478152
-4.00318, 2.34967, 0.00931656
-3.25159, 2.34996, 0.0130061
-2.5, 2.34993, 0.0158455
-1.74841, 2.34931, 0.0178579
-0.996937, 2.34362, 0.0191221
-0.249166, 2.30802, 0.0198255
0.492084, 2.24554, 0.019673
1.24209, 2.22327, 0.0187673
1.99365, 2.22035, 0.017293
2.74524, 2.22004, 0.0150102
3.49682, 2.22, 0.0118975
4.24841, 2.22, 0.00710136
5, 2.22, 0.00407284
-10, 2.16, -0.0157071
-9.24829, 2.16001, -0.0222377
-8.49658, 2.16008, -0.0258561
-7.74487, 2.16077, -0.0196569
-6.99329, 2.16711, -0.0130726
-6.24585, 2.20628, -0.00662292
-5.50519, 2.27328, -0.000561515
-4.7551, 2.29661, 0.0047801
-4.00342, 2.29964, 0.00931501
-3.25171, 2.29996, 0.0130054
-2.5, 2.29992, 0.0158454
-1.74829, 2.29926, 0.0178562
-0.996702, 2.29313, 0.019119
-0.249102, 2.25479, 0.0198324
0.491475, 2.1875, 0.0196769
1.24148, 2.16352, 0.0187636
1.99316, 2.16037, 0.0172934
2.74487, 2.16004, 0.0150114
3.49658, 2.16, 0.0118986
4.24829, 2.16, 0.00710199
5, 2.16, 0.00407319
-10, 2.1, -0.0157067
-9.24817, 2.10001, -0.0222368
-8.49634, 2.10009, -0.0258541
-7.74451, 2.10083, -0.0196527
-6.99281, 2.10762, -0.0130694
-6.24555, 2.14959, -0.00662407
-5.50556, 2.22137, -0.000561913
-4.75546, 2.24636, 0.00477868
-4.00366, 2.24961, 0.00931346
-3.25183, 2.24996, 0.0130048
-2.5, 2.24992, 0.0158452
-1.74817, 2.2492, 0.0178545
-0.996466, 2.24264, 0.0191159
-0.249038, 2.20156, 0.0198394
0.490866, 2.12947, 0.0196808
1.24087, 2.10377, 0.0187599
1.99267, 2.1004, 0.0172937
2.7445, 2.10004, 0.0150126
3.49634, 2.1, 0.0118996
4.24817, 2.1, 0.00710262
5, 2.1, 0.00407354
-10, 2.04, -0.0157064
-9.24805, 2.04001, -0.0222359
-8.49609, 2.04009, -0.025852
-7.74414, 2.04088, -0.0196485
-6.99233, 2.04812, -0.0130663
-6.24526, 2.09289, -0.00662522
-5.50593, 2.16946, -0.000562312
-4.75583, 2.19612, 0.00477726
-4.00391, 2.19959, 0.00931191
-3.25195, 2.19996, 0.0130042
-2.5, 2.19991, 0.0158451
-1.74805, 2.19915, 0.0178529
-0.996231, 2.19215, 0.0191128
-0.248974, 2.14833, 0.0198463
0.490258, 2.07143, 0.0196847
1.24027, 2.04402, 0.0187562
1.99218, 2.04043, 0.0172941
2.74414, 2.04004, 0.0150138
3.49609, 2.04, 0.0119007
4.24805, 2.04, 0.00710324
5, 2.04, 0.00407388
-10, 1.98, -0.015706
-9.24792, 1.98001, -0.022235
-8.49585, 1.9801, -0.02585
-7.74377, 1.98094, -0.0196443
-6.99185, 1.98863, -0.0130631
-6.24496, 2.0362, -0.00662637
-5.5063, 2.11755, -0.00056271
-4.75619, 2.14588, 0.00477584
-4.00415, 2.14956, 0.00931036
-3.25208, 2.14995, 0.0130035
-2.5, 2.14991, 0.0158449
-1.74793, 2.1491, 0.0178512
-0.995995, 2.14166, 0.0191097
-0.248909, 2.0951, 0.0198533
0.489649, 2.0134, 0.0196886
1.23966, 1.98427, 0.0187525
1.99169, 1.98045, 0.0172945
2.74377, 1.98005, 0.015015
3.49585, 1.98, 0.0119017
4.24792, 1.98, 0.00710387
5, 1.98, 0.00407423
-10, 1.92, -0.0157056
-9.2478, 1.92001, -0.0222342
-8.4956, 1.9201, -0.025848
-7.74341, 1.92099, -0.0196401
-6.99137, 1.92914, -0.0130599
-6.24467, 1.9795, -0.00662753
-5.50667, 2.06564, -0.000563109
-4.75656, 2.09564, 0.00477443
-4.0044, 2.09954, 0.00930881
-3.2522, 2.09995, 0.0130029
-2.5, 2.0999, 0.0158448
-1.7478, 2.09904, 0.0178495
-0.995759, 2.09117, 0.0191066
-0.248845, 2.04187, 0.0198603
0.48904, 1.95536, 0.0196925
1.23905, 1.92452, 0.0187489
1.99121, 1.92048, 0.0172949
2.7434, 1.92005, 0.0150162
3.4956, 1.92, 0.0119028
4.2478, 1.92, 0.0071045
5, 1.92, 0.00407458
-10, 1.86, -0.0157052
-9.24768, 1.86001, -0.0222333
-8.49536, 1.86011, -0.0258459
-7.74304, 1.86105, -0.0196359
-6.99089, 1.86965, -0.0130567
-6.24437, 1.92281, -0.00662868
-5.50704, 2.01374, -0.000563509
-4.75692, 2.04539, 0.00477301
-4.00464, 2.04951, 0.00930726
-3.25232, 2.04995, 0.0130023
-2.5, 2.04989, 0.0158447
-1.74768, 2.04899, 0.0178478
-0.995524, 2.04068, 0.0191035
-0.248781, 1.98864, 0.0198673
0.488431, 1.89732, 0.0196964
1.23844, 1.86477, 0.0187452
1.99072, 1.86051, 0.0172953
2.74304, 1.86005, 0.0150174
3.49536, 1.86001, 0.0119038
4.24768, 1.86, 0.00710513
5, 1.86, 0.00407492
-10, 1.8, -0.0157048
-9.24756, 1.80001, -0.0222324
-8.49511, 1.80011, -0.0258439
-7.74267, 1.8011, -0.0196317
-6.99041, 1.81016, -0.0130535
-6.24407, 1.86612, -0.00662984
-5.50741, 1.96183, -0.000563908
-4.75729, 1.99515, 0.00477159
-4.00489, 1.99949, 0.00930571
-3.25244, 1.99995, 0.0130017
-2.5, 1.99989, 0.0158445
-1.74756, 1.99894, 0.0178462
-0.995288, 1.99019, 0.0191004
-0.248717, 1.93542, 0.0198743
0.487822, 1.83929, 0.0197003
1.23783, 1.80502, 0.0187415
1.99023, 1.80053, 0.0172956
2.74267, 1.80005, 0.0150186
3.49511, 1.80001, 0.0119049
4.24756, 1.8, 0.00710575
5, 1.8, 0.00407527
-10, 1.74, -0.0157044
-9.24743, 1.74001, -0.0222315
-8.49487, 1.74012, -0.0258418
-7.74231, 1.74116, -0.0196275
-6.98993, 1.75066, -0.0130503
-6.24378, 1.80942, -0.006631
-5.50778, 1.90992, -0.000564308
-4.75765, 1.94491, 0.00477018
-4.00513, 1.94946, 0.00930417
-3.25257, 1.94994, 0.013001
-2.5, 1.94988, 0.0158444
-1.74744, 1.94888, 0.0178445
-0.995053, 1.9397, 0.0190973
-0.248653, 1.88219, 0.0198813
0.487213, 1.78125, 0.0197042
1.23722, 1.74527, 0.0187378
1.98974, 1.74056, 0.017296
2.7423, 1.74006, 0.0150198
3.49487, 1.74001, 0.0119059
4.24743, 1.74, 0.00710638
5, 1.74, 0.00407561
-10, 1.68, -0.015704
-9.24731, 1.68001, -0.0222306
-8.49463, 1.68012, -0.0258398
-7.74194, 1.68121, -0.0196233
-6.98945, 1.69117, -0.0130471
-6.24348, 1.75273, -0.00663216
-5.50815, 1.85801, -0.000564707
-4.75801, 1.89467, 0.00476876
-4.00537, 1.89943, 0.00930262
-3.25269, 1.89994, 0.0130004
-2.5, 1.89988, 0.0158442
-1.74732, 1.89883, 0.0178428
-0.994817, 1.88921, 0.0190942
-0.248589, 1.82896, 0.0198883
0.486604, 1.72322, 0.0197082
1.23661, 1.68553, 0.0187341
1.98925, 1.68058, 0.0172964
2.74194, 1.68006, 0.015021
3.49463, 1.68001, 0.011907
4.24731, 1.68, 0.00710701
5, 1.68, 0.00407596
-10, 1.62, -0.0157036
-9.24719, 1.62001, -0.0222297
-8.49438, 1.62013, -0.0258378
-7.74157, 1.62127, -0.0196191
-6.98898, 1.63168, -0.0130439
-6.24318, 1.69603, -0.00663332
-5.50852, 1.8061, -0.000565107
-4.75838, 1.84442, 0.00476734
-4.00562, 1.84941, 0.00930107
-3.25281, 1.84994, 0.0129998
-2.5, 1.84987, 0.0158441
-1.74719, 1.84878, 0.0178412
-0.994582, 1.83872, 0.0190911
-0.248525, 1.77573, 0.0198953
0.485995, 1.66518, 0.0197121
1.23601, 1.62578, 0.0187305
1.98876, 1.62061, 0.0172968
2.74157, 1.62006, 0.0150223
3.49438, 1.62001, 0.0119081
4.24719, 1.62, 0.00710763
5, 1.62, 0.00407631
-10, 1.56, -0.0157032
-9.24707, 1.56001, -0.0222289
-8.49414, 1.56014, -0.0258357
-7.74121, 1.56132, -0.0196149
-6.9885, 1.57219, -0.0130407
-6.24289, 1.63934, -0.00663449
-5.50889, 1.75419, -0.000565508
-4.75874, 1.79418, 0.00476593
-4.00586, 1.79938, 0.00929952
-3.25293, 1.79994, 0.0129991
-2.5, 1.79987, 0.015844
-1.74707, 1.79872, 0.0178395
-0.994346, 1.78823, 0.019088
-0.24846, 1.7225, 0.0199023
0.485386, 1.60715, 0.019716
1.2354, 1.56603, 0.0187268
1.98827, 1.56064, 0.0172972
2.74121, 1.56007, 0.0150235
3.49414, 1.56001, 0.0119091
4.24707, 1.56, 0.00710826
5, 1.56, 0.00407665
-10, 1.5, -0.0157028
-9.24695, 1.50001, -0.022228
-8.49389, 1.50014, -0.0258337
-7.74084, 1.50138, -0.0196107
-6.98802, 1.51269, -0.0130375
-6.24259, 1.58264, -0.00663566
-5.50926, 1.70228, -0.000565908
-4.75911, 1.74394, 0.00476451
-4.00611, 1.74936, 0.00929797
-3.25305, 1.74993, 0.0129985
-2.5, 1.74986, 0.0158438
-1.74695, 1.74867, 0.0178378
-0.99411, 1.73774, 0.0190849
-0.248396, 1.66927, 0.0199094
0.484777, 1.54911, 0.0197199
1.23479, 1.50628, 0.0187231
1.98779, 1.50066, 0.0172975
2.74084, 1.50007, 0.0150247
3.49389, 1.50001, 0.0119102
4.24695, 1.5, 0.00710889
5, 1.5, 0.004077
-10, 1.44, -0.0157024
-9.24682, 1.44001, -0.0222271
-8.49365, 1.44015, -0.0258316
-7.74048, 1.44143, -0.0196065
-6.98754, 1.4532, -0.0130343
-6.24229, 1.52595, -0.00663682
-5.50963, 1.65037, -0.000566309
-4.75947, 1.6937, 0.0047631
-4.00635, 1.69933, 0.00929642
-3.25318, 1.69993, 0.0129979
-2.5, 1.69986, 0.0158437
-1.74683, 1.69862, 0.0178361
-0.993875, 1.68725, 0.0190818
-0.248332, 1.61604, 0.0199164
0.484168, 1.49108, 0.0197239
1.23418, 1.44653, 0.0187194
1.9873, 1.44069, 0.0172979
2.74047, 1.44007, 0.0150259
3.49365, 1.44001, 0.0119112
4.24682, 1.44, 0.00710951
5, 1.44, 0.00407734
-10, 1.38, -0.015702
-9.2467, 1.38001, -0.0222262
-8.4934, 1.38015, -0.0258296
-7.74011, 1.38149, -0.0196024
-6.98706, 1.39371, -0.0130311
-6.242, 1.46926, -0.00663799
-5.51, 1.59847, -0.00056671
-4.75984, 1.64346, 0.00476168
-4.0066, 1.64931, 0.00929488
-3.2533, 1.64993, 0.0129973
-2.5, 1.64985, 0.0158435
-1.7467, 1.64856, 0.0178345
-0.993639, 1.63676, 0.0190787
-0.248268, 1.56281, 0.0199234
0.48356, 1.43304, 0.0197278
1.23357, 1.38678, 0.0187158
1.98681, 1.38072, 0.0172983
2.74011, 1.38007, 0.0150271
3.4934, 1.38001, 0.0119123
4.2467, 1.38, 0.00711014
5, 1.38, 0.00407769
-10, 1.32, -0.0157017
-9.24658, 1.32001, -0.0222253
-8.49316, 1.32016, -0.0258276
-7.73974, 1.32154, -0.0195982
-6.98658, 1.33422, -0.0130279
-6.2417, 1.41256, -0.00663916
-5.51037, 1.54656, -0.000567111
-4.7602, 1.59321, 0.00476027
-4.00684, 1.59928, 0.00929333
-3.25342, 1.59992, 0.0129966
-2.5, 1.59984, 0.0158434
-1.74658, 1.59851, 0.0178328
-0.993404, 1.58627, 0.0190756
-0.248204, 1.50958, 0.0199305
0.482951, 1.375, 0.0197317
1.23296, 1.32703, 0.0187121
1.98632, 1.32074, 0.0172987
2.73974, 1.32008, 0.0150283
3.49316, 1.32001, 0.0119133
4.24658, 1.32, 0.00711077
5, 1.32, 0.00407804
-10, 1.26, -0.0157013
-9.24646, 1.26002, -0.0222244
-8.49292, 1.26016, -0.0258255
-7.73938, 1.2616, -0.019594
-6.9861, 1.27473, -0.0130247
-6.24141, 1.35587, -0.00664034
-5.51075, 1.49465, -0.000567512
-4.76056, 1.54297, 0.00475886
-4.00708, 1.54926, 0.00929178
-3.25354, 1.54992, 0.012996
-2.5, 1.54984, 0.0158433
-1.74646, 1.54846, 0.0178311
-0.993168, 1.53578, 0.0190725
-0.24814, 1.45635, 0.0199376
0.482342, 1.31697, 0.0197357
1.23236, 1.26728, 0.0187084
1.98583, 1.26077, 0.0172991
2.73937, 1.26008, 0.0150295
3.49292, 1.26001, 0.0119144
4.24646, 1.26, 0.00711139
5, 1.26, 0.00407838
-10, 1.2, -0.0157009
-9.24634, 1.20002, -0.0222236
-8.49267, 1.20017, -0.0258235
-7.73901, 1.20165, -0.0195898
-6.98562, 1.21523, -0.0130215
-6.24111, 1.29917, -0.00664151
-5.51112, 1.44274, -0.000567914
-4.76093, 1.49273, 0.00475744
-4.00733, 1.49923, 0.00929023
-3.25366, 1.49992, 0.0129954
-2.5, 1.49983, 0.0158431
-1.74634, 1.4984, 0.0178295
-0.992932, 1.48528, 0.0190694
-0.248076, 1.40312, 0.0199446
0.481733, 1.25893, 0.0197396
1.23175, 1.20753, 0.0187047
1.98534, 1.2008, 0.0172994
2.73901, 1.20008, 0.0150307
3.49267, 1.20001, 0.0119154
4.24634, 1.2, 0.00711202
5, 1.2, 0.00407873
-10, 1.14, -0.0157005
-9.24621, 1.14002, -0.0222227
-8.49243, 1.14018, -0.0258214
-7.73864, 1.14171, -0.0195856
-6.98514, 1.15574, -0.0130183
-6.24081, 1.24248, -0.00664269
-5.51149, 1.39083, -0.000568316
-4.76129, 1.44249, 0.00475603
-4.00757, 1.4492, 0.00928869
-3.25379, 1.44992, 0.0129947
-2.5, 1.44983, 0.015843
-1.74622, 1.44835, 0.0178278
-0.992697, 1.43479, 0.0190663
-0.248011, 1.34989, 0.0199517
0.481124, 1.2009, 0.0197435
1.23114, 1.14779, 0.0187011
1.98485, 1.14082, 0.0172998
2.73864, 1.14009, 0.0150319
3.49243, 1.14001, 0.0119165
4.24621, 1.14, 0.00711265
5, 1.14, 0.00407907
-10, 1.08, -0.0157001
-9.24609, 1.08002, -0.0222218
-8.49218, 1.08018, -0.0258194
-7.73828, 1.08176, -0.0195814
-6.98466, 1.09625, -0.0130151
-6.24052, 1.18579, -0.00664386
-5.51186, 1.33892, -0.000568718
-4.76166, 1.39224, 0.00475462
-4.00782, 1.39918, 0.00928714
-3.25391, 1.39991, 0.0129941
-2.5, 1.39982, 0.0158428
-1.74609, 1.3983, 0.0178261
-0.992461, 1.3843, 0.0190632
-0.247947, 1.29666, 0.0199588
0.480515, 1.14286, 0.0197475
1.23053, 1.08804, 0.0186974
1.98437, 1.08085, 0.0173002
2.73827, 1.08009, 0.0150331
3.49218, 1.08001, 0.0119175
4.24609, 1.08, 0.00711327
5, 1.08, 0.00407942
-10, 1.02, -0.0156997
-9.24597, 1.02002, -0.0222209
-8.49194, 1.02019, -0.0258174
-7.73791, 1.02182, -0.0195772
-6.98418, 1.03676, -0.0130119
-6.24022, 1.12909, -0.00664504
-5.51223, 1.28701, -0.00056912
-4.76202, 1.342, 0.0047532
-4.00806, 1.34915, 0.00928559
-3.25403, 1.34991, 0.0129935
-2.5, 1.34982, 0.0158427
-1.74597, 1.34824, 0.0178245
-0.992226, 1.33381, 0.0190601
-0.247883, 1.24344, 0.0199659
0.479906, 1.08483, 0.0197514
1.22992, 1.02829, 0.0186937
1.98388, 1.02088, 0.0173006
2.73791, 1.02009, 0.0150343
3.49194, 1.02001, 0.0119186
4.24597, 1.02, 0.0071139
5, 1.02, 0.00407977
-10, 0.96, -0.0156993
-9.24585, 0.960018, -0.02222
-8.49169, 0.960193, -0.0258153
-7.73754, 0.961873, -0.019573
-6.9837, 0.977264, -0.0130087
-6.23992, 1.0724, -0.00664622
-5.5126, 1.23511, -0.000569523
-4.76239, 1.29176, 0.00475179
-4.00831, 1.29913, 0.00928404
-3.25415, 1.29991, 0.0129929
-2.5, 1.29981, 0.0158426
-1.74585, 1.29819, 0.0178228
-0.99199, 1.28332, 0.0190569
-0.247819, 1.19021, 0.019973
0.479297, 1.02679, 0.0197554
1.22931, 0.968539, 0.01869
1.98339, 0.960904, 0.017301
2.73754, 0.960093, 0.0150355
3.49169, 0.960009, 0.0119197
4.24585, 0.960001, 0.00711453
5, 0.96, 0.00408011
-10, 0.9, -0.0156989
-9.24572, 0.900019, -0.0222191
-8.49145, 0.900199, -0.0258133
-7.73718, 0.901928, -0.0195689
-6.98322, 0.917772, -0.0130055
-6.23963, 1.0157, -0.00664741
-5.51297, 1.1832, -0.000569926
-4.76275, 1.24152, 0.00475038
-4.00855, 1.2491, 0.0092825
-3.25428, 1.24991, 0.0129922
-2.5, 1.24981, 0.0158424
-1.74573, 1.24814, 0.0178211
-0.991754, 1.23283, 0.0190538
-0.247755, 1.13698, 0.0199801
0.478688, 0.968755, 0.0197593
1.2287, 0.908791, 0.0186864
1.9829, 0.900931, 0.0173013
2.73717, 0.900096, 0.0150368
3.49145, 0.90001, 0.0119207
4.24572, 0.900001, 0.00711515
5, 0.9, 0.00408046
-10, 0.84, -0.0156985
-9.2456, 0.840019, -0.0222183
-8.49121, 0.840204, -0.0258112
-7.73681, 0.841983, -0.0195647
-6.98274, 0.85828, -0.0130024
-6.23933, 0.959009, -0.00664859
-5.51334, 1.13129, -0.000570329
-4.76311, 1.19127, 0.00474897
-4.00879, 1.19908, 0.00928095
-3.2544, 1.1999, 0.0129916
-2.5, 1.1998, 0.0158423
-1.74561, 1.19809, 0.0178195
-0.991519, 1.18234, 0.0190507
-0.247691, 1.08375, 0.0199872
0.478079, 0.910719, 0.0197633
1.2281, 0.849042, 0.0186827
1.98241, 0.840957, 0.0173017
2.73681, 0.840099, 0.015038
3.49121, 0.84001, 0.0119218
4.2456, 0.840001, 0.00711578
5, 0.84, 0.0040808
-10, 0.78, -0.0156981
-9.24548, 0.78002, -0.0222174
-8.49096, 0.78021, -0.0258092
-7.73645, 0.782038, -0.0195605
-6.98227, 0.798787, -0.0129992
-6.23903, 0.902314, -0.00664978
-5.51371, 1.07938, -0.000570732
-4.76348, 1.14103, 0.00474756
-4.00904, 1.14905, 0.0092794
-3.25452, 1.1499, 0.012991
-2.5, 1.14979, 0.0158421
-1.74548, 1.14803, 0.0178178
-0.991283, 1.13185, 0.0190476
-0.247626, 1.03052, 0.0199943
0.477471, 0.852684, 0.0197673
1.22749, 0.789293, 0.018679
1.98192, 0.780984, 0.0173021
2.73644, 0.780102, 0.0150392
3.49096, 0.78001, 0.0119228
4.24548, 0.780001, 0.00711641
5, 0.78, 0.00408115
-10, 0.72, -0.0156977
-9.24536, 0.72002, -0.0222165
-8.49072, 0.720216, -0.0258072
-7.73608, 0.722093, -0.0195563
-6.98179, 0.739295, -0.012996
-6.23874, 0.84562, -0.00665096
-5.51408, 1.02747, -0.000571135
-4.76384, 1.09079, 0.00474615
-4.00928, 1.09902, 0.00927786
-3.25464, 1.0999, 0.0129903
-2.5, 1.09979, 0.015842
-1.74536, 1.09798, 0.0178161
-0.991048, 1.08136, 0.0190445
-0.247562, 0.977289, 0.0200015
0.476862, 0.794648, 0.0197712
1.22688, 0.729544, 0.0186754
1.98143, 0.72101, 0.0173025
2.73608, 0.720104, 0.0150404
3.49072, 0.720011, 0.0119239
4.24536, 0.720001, 0.00711703
5, 0.72, 0.0040815
-10, 0.66, -0.0156974
-9.24524, 0.660021, -0.0222156
-8.49047, 0.660221, -0.0258051
-7.73571, 0.662148, -0.0195521
-6.98131, 0.679803, -0.0129928
-6.23844, 0.788926, -0.00665215
-5.51445, 0.975562, -0.000571539
-4.76421, 1.04055, 0.00474474
-4.00953, 1.049, 0.00927631
-3.25476, 1.04989, 0.0129897
-2.5, 1.04978, 0.0158419
-1.74524, 1.04793, 0.0178145
-0.990812, 1.03087, 0.0190414
-0.247498, 0.92406, 0.0200086
0.476253, 0.736613, 0.0197752
1.22627, 0.669795, 0.0186717
1.98095, 0.661037, 0.0173029
2.73571, 0.660107, 0.0150416
3.49047, 0.660011, 0.0119249
4.24524, 0.660001, 0.00711766
5, 0.66, 0.00408184
-10, 0.6, -0.015697
-9.24511, 0.600021, -0.0222147
-8.49023, 0.600227, -0.0258031
-7.73535, 0.602203, -0.019548
-6.98083, 0.620311, -0.0129896
-6.23815, 0.732232, -0.00665334
-5.51482, 0.923654, -0.000571943
-4.76457, 0.990304, 0.00474333
-4.00977, 0.998973, 0.00927476
-3.25489, 0.999892, 0.0129891
-2.5, 0.999778, 0.0158417
-1.74512, 0.997872, 0.0178128
-0.990577, 0.98038, 0.0190383
-0.247434, 0.87083, 0.0200157
0.475644, 0.678577, 0.0197792
1.22566, 0.610046, 0.018668
1.98046, 0.601063, 0.0173032
2.73534, 0.60011, 0.0150428
3.49023, 0.600011, 0.011926
4.24511, 0.600001, 0.00711829
5, 0.6, 0.00408219
-10, 0.54, -0.0156966
-9.24499, 0.540022, -0.0222138
-8.48998, 0.540233, -0.025801
-7.73498, 0.542258, -0.0195438
-6.98035, 0.560818, -0.0129864
-6.23785, 0.675538, -0.00665454
-5.51519, 0.871745, -0.000572347
-4.76494, 0.940061, 0.00474192
-4.01001, 0.948947, 0.00927322
-3.25501, 0.949889, 0.0129884
-2.5, 0.949772, 0.0158416
-1.745, 0.947819, 0.0178112
-0.990341, 0.929889, 0.0190352
-0.24737, 0.817601, 0.0200229
0.475035, 0.620542, 0.0197831
1.22505, 0.550298, 0.0186644
1.97997, 0.54109, 0.0173036
2.73498, 0.540113, 0.015044
3.48998, 0.540011, 0.011927
4.24499, 0.540001, 0.00711891
5, 0.54, 0.00408253
-10, 0.48, -0.0156962
-9.24487, 0.480022, -0.022213
-8.48974, 0.480238, -0.025799
-7.73461, 0.482313, -0.0195396
-6.97987, 0.501326, -0.0129832
-6.23755, 0.618843, -0.00665573
-5.51556, 0.819836, -0.000572751
-4.7653, 0.889819, 0.00474051
-4.01026, 0.898921, 0.00927167
-3.25513, 0.899887, 0.0129878
-2.5, 0.899766, 0.0158414
-1.74487, 0.897766, 0.0178095
-0.990105, 0.879399, 0.0190321
-0.247306, 0.764372, 0.0200301
0.474426, 0.562506, 0.0197871
1.22445, 0.490549, 0.0186607
1.97948, 0.481117, 0.017304
2.73461, 0.480115, 0.0150452
3.48974, 0.480012, 0.0119281
4.24487, 0.480001, 0.00711954
5, 0.48, 0.00408288
-10, 0.42, -0.0156958
-9.24475, 0.420023, -0.0222121
-8.4895, 0.420244, -0.0257969
-7.73425, 0.422368, -0.0195354
-6.97939, 0.441834, -0.01298
-6.23726, 0.562149, -0.00665693
-5.51593, 0.767928, -0.000573156
-4.76566, 0.839577, 0.0047391
-4.0105, 0.848896, 0.00927013
-3.25525, 0.849884, 0.0129872
-2.5, 0.849761, 0.0158413
-1.74475, 0.847713, 0.0178078
-0.98987, 0.828908, 0.019029
-0.247242, 0.711143, 0.0200372
0.473817, 0.50447, 0.0197911
1.22384, 0.4308, 0.0186571
1.97899, 0.421143, 0.0173044
2.73424, 0.420118, 0.0150464
3.4895, 0.420012, 0.0119291
4.24475, 0.420001, 0.00712016
5, 0.42, 0.00408323
-10, 0.36, -0.0156954
-9.24463, 0.360024, -0.0222112
-8.48925, 0.36025, -0.0257949
-7.73388, 0.362424, -0.0195313
-6.97891, 0.382342, -0.0129768
-6.23696, 0.505455, -0.00665813
-5.5163, 0.716019, -0.000573561
-4.76603, 0.789334, 0.00473769
-4.01075, 0.79887, 0.00926858
-3.25537, 0.799881, 0.0129866
-2.5, 0.799755, 0.0158412
-1.74463, 0.79766, 0.0178062
-0.989634, 0.778418, 0.0190259
-0.247177, 0.657913, 0.0200444
0.473208, 0.446435, 0.0197951
1.22323, 0.371051, 0.0186534
1.9785, 0.36117, 0.0173047
2.73388, 0.360121, 0.0150476
3.48925, 0.360012, 0.0119302
4.24463, 0.360001, 0.00712079
5, 0.36, 0.00408357
-10, 0.3, -0.015695
-9.2445, 0.300024, -0.0222103
-8.48901, 0.300256, -0.0257929
-7.73352, 0.302479, -0.0195271
-6.97843, 0.32285, -0.0129736
-6.23666, 0.448761, -0.00665933
-5.51667, 0.66411, -0.000573966
-4.76639, 0.739092, 0.00473628
-4.01099, 0.748844, 0.00926703
-3.2555, 0.749879, 0.0129859
-2.5, 0.74975, 0.015841
-1.74451, 0.747606, 0.0178045
-0.989399, 0.727927, 0.0190227
-0.247113, 0.604684, 0.0200516
0.472599, 0.388399, 0.0197991
1.22262, 0.311302, 0.0186497
1.97801, 0.301196, 0.0173051
2.73351, 0.300124, 0.0150488
3.48901, 0.300012, 0.0119312
4.2445, 0.300001, 0.00712142
5, 0.3, 0.00408392
-10, 0.24, -0.0156946
-9.24438, 0.240025, -0.0222094
-8.48876, 0.240261, -0.0257908
-7.73315, 0.242534, -0.0195229
-6.97795, 0.263357, -0.0129704
-6.23637, 0.392066, -0.00666053
-5.51704, 0.612202, -0.000574371
-4.76676, 0.688849, 0.00473487
-4.01124, 0.698819, 0.00926549
-3.25562, 0.699876, 0.0129853
-2.5, 0.699744, 0.0158409
-1.74439, 0.697553, 0.0178029
-0.989163, 0.677437, 0.0190196
-0.247049, 0.551455, 0.0200588
0.47199, 0.330364, 0.0198031
1.22201, 0.251553, 0.0186461
1.97753, 0.241223, 0.0173055
2.73314, 0.240126, 0.01505
3.48876, 0.240013, 0.0119323
4.24438, 0.240001, 0.00712204
5, 0.24, 0.00408426
-10, 0.18, -0.0156942
-9.24426, 0.180025, -0.0222085
-8.48852, 0.180267, -0.0257888
-7.73278, 0.182589, -0.0195188
-6.97747, 0.203865, -0.0129672
-6.23607, 0.335372, -0.00666173
-5.51741, 0.560293, -0.000574776
-4.76712, 0.638607, 0.00473346
-4.01148, 0.648793, 0.00926394
-3.25574, 0.649873, 0.0129847
-2.5, 0.649739, 0.0158407
-1.74426, 0.6475, 0.0178012
-0.988927, 0.626946, 0.0190165
-0.246985, 0.498226, 0.020066
0.471381, 0.272328, 0.0198071
1.2214, 0.191805, 0.0186424
1.97704, 0.18125, 0.0173059
2.73278, 0.180129, 0.0150512
3.48852, 0.180013, 0.0119333
4.24426, 0.180001, 0.00712267
5, 0.18, 0.00408461
-10, 0.12, -0.0156938
-9.24414, 0.120026, -0.0222077
-8.48827, 0.120273, -0.0257867
-7.73242, 0.122644, -0.0195146
-6.97699, 0.144373, -0.0129641
-6.23577, 0.278678, -0.00666293
-5.51778, 0.508384, -0.000575182
-4.76749, 0.588364, 0.00473206
-4.01172, 0.598767, 0.0092624
-3.25586, 0.599871, 0.012984
-2.5, 0.599733, 0.0158406
-1.74414, 0.597447, 0.0177995
-0.988692, 0.576456, 0.0190134
-0.246921, 0.444997, 0.0200732
0.470773, 0.214293, 0.0198111
1.2208, 0.132056, 0.0186388
1.97655, 0.121276, 0.0173063
2.73241, 0.120132, 0.0150524
3.48827, 0.120013, 0.0119344
4.24414, 0.120001, 0.00712329
5, 0.12, 0.00408496
-10, 0.06, -0.0156934
-9.24401, 0.0600262, -0.0222067
-8.48803, 0.0602782, -0.0257846
-7.73205, 0.062699, -0.0195102
-6.97651, 0.0848806, -0.0129607
-6.23548, 0.221984, -0.00666409
-5.51816, 0.456476, -0.000575582
-4.76785, 0.538122, 0.00473058
-4.01197, 0.548741, 0.0092608
-3.25599, 0.549868, 0.0129834
-2.5, 0.549728, 0.0158405
-1.74402, 0.547394, 0.0177979
-0.988456, 0.525965, 0.0190102
-0.246857, 0.391767, 0.0200804
0.470164, 0.156257, 0.0198145
1.22019, 0.0723069, 0.0186346
1.97606, 0.0613027, 0.0173063
2.73204, 0.0601346, 0.0150535
3.48803, 0.0600136, 0.0119354
4.24401, 0.0600012, 0.00712391
5, 0.06, 0.0040853
-10, 0, -0.015693
-9.24389, 2.67584e-05, -0.0222058
-8.48779, 0.000283919, -0.0257824
-7.73168, 0.00275405, -0.0195059
-6.97603, 0.0253884, -0.0129573
-6.23518, 0.16529, -0.00666526
-5.51853, 0.404567, -0.000575984
-4.76821, 0.48788, 0.00472911
-4.01221, 0.498716, 0.00925919
-3.25611, 0.499865, 0.0129827
-2.5, 0.499722, 0.0158403
-1.7439, 0.497341, 0.0177962
-0.988221, 0.475475, 0.019007
-0.246793, 0.338538, 0.0200876
0.469555, 0.0982214, 0.0198179
1.21958, 0.0125581, 0.0186304
1.97557, 0.00132933, 0.0173064
2.73168, 0.000137381, 0.0150545
3.48779, 1.38368e-05, 0.0119364
4.24389, 1.17908e-06, 0.00712453
5, 0, 0.00408565
