50, 20
-10, 3, -0.000366784
-9.25, 3, -0.0121512
-8.5, 3, -0.0337418
-7.75, 3, -0.0509782
-7, 3, -0.0633156
-6.25, 3, -0.070654
-5.5, 3, -0.0732259
-4.75, 3, -0.0714878
-4, 3, -0.066026
-3.25, 3, -0.0574828
-2.5, 3, -0.0465047
-1.75, 3, -0.0337118
-1, 3, -0.0196852
-0.25, 3, -0.00496867
0.5, 3, 0.00991844
1.25, 3, 0.0244636
2, 3, 0.0381411
2.75, 3, 0.0503956
3.5, 3, 0.0606327
4.25, 3, 0.0682212
5, 3, 0.0712725
-10, 2.94, -0.000368795
-9.24988, 2.94, -0.0121549
-8.49976, 2.94001, -0.0337479
-7.74963, 2.94006, -0.0509851
-6.99952, 2.94051, -0.06332
-6.2497, 2.94331, -0.0706553
-5.50037, 2.94809, -0.0732265
-4.75036, 2.94976, -0.0714893
-4.00024, 2.94997, -0.0660282
-3.25012, 2.95, -0.0574843
-2.5, 2.94999, -0.0465046
-1.74988, 2.94995, -0.0337096
-0.999764, 2.94951, -0.0196834
-0.249936, 2.94677, -0.00497241
0.499391, 2.94196, 0.00991312
1.24939, 2.94025, 0.0244531
1.99951, 2.94003, 0.0381325
2.74963, 2.94, 0.0503899
3.49976, 2.94, 0.0606296
4.24988, 2.94, 0.0682201
5, 2.94, 0.0712721
-10, 2.88, -0.000370806
-9.24976, 2.88, -0.0121585
-8.49951, 2.88001, -0.0337541
-7.74927, 2.88011, -0.050992
-6.99904, 2.88102, -0.0633245
-6.24941, 2.88661, -0.0706566
-5.50074, 2.89618, -0.0732271
-4.75073, 2.89952, -0.0714907
-4.00049, 2.89995, -0.0660303
-3.25024, 2.89999, -0.0574857
-2.5, 2.89999, -0.0465045
-1.74976, 2.89989, -0.0337075
-0.999529, 2.89902, -0.0196816
-0.249872, 2.89354, -0.00497614
0.498782, 2.88393, 0.0099078
1.24878, 2.8805, 0.0244427
1.99902, 2.88005, 0.0381239
2.74927, 2.88001, 0.0503843
3.49951, 2.88, 0.0606265
4.24976, 2.88, 0.0682189
5, 2.88, 0.0712717
-10, 2.82, -0.000372818
-9.24963, 2.82, -0.0121621
-8.49927, 2.82002, -0.0337602
-7.7489, 2.82017, -0.0509989
-6.99856, 2.82152, -0.0633289
-6.24911, 2.82992, -0.0706578
-5.50111, 2.84427, -0.0732277
-4.75109, 2.84927, -0.0714921
-4.00073, 2.84992, -0.0660324
-3.25037, 2.84999, -0.0574872
-2.5, 2.84998, -0.0465044
-1.74963, 2.84984, -0.0337053
-0.999293, 2.84853, -0.0196798
-0.249808, 2.84031, -0.00497988
0.498173, 2.82589, 0.00990248
1.24817, 2.82075, 0.0244323
1.99853, 2.82008, 0.0381154
2.7489, 2.82001, 0.0503786
3.49927, 2.82, 0.0606234
4.24963, 2.82, 0.0682177
5, 2.82, 0.0712713
-10, 2.76, -0.000374829
-9.24951, 2.76, -0.0121658
-8.49902, 2.76002, -0.0337663
-7.74853, 2.76022, -0.0510058
-6.99808, 2.76203, -0.0633333
-6.24881, 2.77322, -0.0706591
-5.50148, 2.79237, -0.0732283
-4.75146, 2.79903, -0.0714935
-4.00098, 2.7999, -0.0660346
-3.25049, 2.79999, -0.0574887
-2.5, 2.79998, -0.0465043
-1.74951, 2.79979, -0.0337031
-0.999058, 2.79804, -0.019678
-0.249743, 2.78708, -0.00498362
0.497564, 2.76786, 0.00989716
1.24757, 2.761, 0.0244219
1.99805, 2.76011, 0.0381068
2.74853, 2.76001, 0.050373
3.49902, 2.76, 0.0606203
4.24951, 2.76, 0.0682166
5, 2.76, 0.0712708
-10, 2.7, -0.00037684
-9.24939, 2.7, -0.0121694
-8.49878, 2.70003, -0.0337724
-7.74817, 2.70028, -0.0510127
-6.9976, 2.70254, -0.0633377
-6.24852, 2.71653, -0.0706604
-5.50185, 2.74046, -0.0732289
-4.75182, 2.74879, -0.0714949
-4.00122, 2.74987, -0.0660367
-3.25061, 2.74999, -0.0574902
-2.5, 2.74997, -0.0465042
-1.74939, 2.74973, -0.0337009
-0.998822, 2.74755, -0.0196762
-0.249679, 2.73385, -0.00498735
0.496955, 2.70982, 0.00989184
1.24696, 2.70126, 0.0244115
1.99756, 2.70013, 0.0380982
2.74817, 2.70001, 0.0503673
3.49878, 2.7, 0.0606173
4.24939, 2.7, 0.0682154
5, 2.7, 0.0712704
-10, 2.64, -0.000378851
-9.24927, 2.64, -0.0121731
-8.49853, 2.64003, -0.0337786
-7.7478, 2.64033, -0.0510196
-6.99712, 2.64305, -0.0633422
-6.24822, 2.65983, -0.0706617
-5.50222, 2.68855, -0.0732295
-4.75219, 2.69855, -0.0714963
-4.00147, 2.69985, -0.0660389
-3.25073, 2.69998, -0.0574916
-2.5, 2.69997, -0.0465041
-1.74927, 2.69968, -0.0336987
-0.998586, 2.69706, -0.0196744
-0.249615, 2.68062, -0.00499109
0.496347, 2.65179, 0.00988652
1.24635, 2.64151, 0.0244011
1.99707, 2.64016, 0.0380897
2.7478, 2.64002, 0.0503616
3.49853, 2.64, 0.0606142
4.24927, 2.64, 0.0682142
5, 2.64, 0.07127
-10, 2.58, -0.000380862
-9.24914, 2.58, -0.0121767
-8.49829, 2.58004, -0.0337847
-7.74744, 2.58039, -0.0510265
-6.99664, 2.58355, -0.0633466
-6.24793, 2.60314, -0.070663
-5.50259, 2.63664, -0.0732301
-4.75255, 2.6483, -0.0714977
-4.00171, 2.64982, -0.066041
-3.25086, 2.64998, -0.0574931
-2.5, 2.64996, -0.046504
-1.74915, 2.64963, -0.0336965
-0.998351, 2.64657, -0.0196726
-0.249551, 2.6274, -0.00499483
0.495738, 2.59375, 0.00988119
1.24574, 2.58176, 0.0243907
1.99658, 2.58019, 0.0380811
2.74743, 2.58002, 0.050356
3.49829, 2.58, 0.0606111
4.24914, 2.58, 0.0682131
5, 2.58, 0.0712696
-10, 2.52, -0.000382873
-9.24902, 2.52, -0.0121803
-8.49805, 2.52005, -0.0337908
-7.74707, 2.52044, -0.0510334
-6.99617, 2.52406, -0.063351
-6.24763, 2.54645, -0.0706642
-5.50296, 2.58473, -0.0732307
-4.75291, 2.59806, -0.0714991
-4.00195, 2.59979, -0.0660431
-3.25098, 2.59998, -0.0574946
-2.5, 2.59996, -0.0465039
-1.74902, 2.59957, -0.0336943
-0.998115, 2.59608, -0.0196709
-0.249487, 2.57417, -0.00499857
0.495129, 2.53572, 0.00987587
1.24513, 2.52201, 0.0243803
1.99609, 2.52021, 0.0380725
2.74707, 2.52002, 0.0503503
3.49805, 2.52, 0.060608
4.24902, 2.52, 0.0682119
5, 2.52, 0.0712692
-10, 2.46, -0.000384884
-9.2489, 2.46, -0.012184
-8.4978, 2.46005, -0.0337969
-7.7467, 2.4605, -0.0510403
-6.99569, 2.46457, -0.0633555
-6.24733, 2.48975, -0.0706655
-5.50333, 2.53282, -0.0732313
-4.75328, 2.54782, -0.0715005
-4.0022, 2.54977, -0.0660453
-3.2511, 2.54998, -0.0574961
-2.5, 2.54995, -0.0465038
-1.7489, 2.54952, -0.0336922
-0.99788, 2.54559, -0.0196691
-0.249423, 2.52094, -0.0050023
0.49452, 2.47768, 0.00987055
1.24452, 2.46226, 0.0243698
1.9956, 2.46024, 0.038064
2.7467, 2.46002, 0.0503447
3.4978, 2.46, 0.0606049
4.2489, 2.46, 0.0682107
5, 2.46, 0.0712688
-10, 2.4, -0.000386895
-9.24878, 2.40001, -0.0121876
-8.49756, 2.40006, -0.033803
-7.74634, 2.40055, -0.0510472
-6.99521, 2.40508, -0.0633599
-6.24704, 2.43306, -0.0706668
-5.50371, 2.48091, -0.0732319
-4.75364, 2.49758, -0.0715019
-4.00244, 2.49974, -0.0660474
-3.25122, 2.49997, -0.0574975
-2.5, 2.49994, -0.0465037
-1.74878, 2.49947, -0.03369
-0.997644, 2.49509, -0.0196673
-0.249359, 2.46771, -0.00500604
0.493911, 2.41964, 0.00986522
1.24392, 2.40251, 0.0243594
1.99511, 2.40027, 0.0380554
2.74634, 2.40003, 0.050339
3.49756, 2.4, 0.0606018
4.24878, 2.4, 0.0682096
5, 2.4, 0.0712684
-10, 2.34, -0.000388906
-9.24866, 2.34001, -0.0121912
-8.49731, 2.34006, -0.0338092
-7.74597, 2.34061, -0.051054
-6.99473, 2.34559, -0.0633643
-6.24674, 2.37636, -0.0706681
-5.50408, 2.429, -0.0732325
-4.75401, 2.44733, -0.0715033
-4.00269, 2.44972, -0.0660495
-3.25134, 2.44997, -0.057499
-2.5, 2.44994, -0.0465036
-1.74866, 2.44941, -0.0336878
-0.997409, 2.4446, -0.0196655
-0.249294, 2.41448, -0.00500978
0.493302, 2.36161, 0.0098599
1.24331, 2.34276, 0.024349
1.99463, 2.34029, 0.0380468
2.74597, 2.34003, 0.0503334
3.49731, 2.34, 0.0605987
4.24866, 2.34, 0.0682084
5, 2.34, 0.071268
-10, 2.28, -0.000390917
-9.24853, 2.28001, -0.0121949
-8.49707, 2.28007, -0.0338153
-7.7456, 2.28066, -0.0510609
-6.99425, 2.28609, -0.0633687
-6.24644, 2.31967, -0.0706693
-5.50445, 2.3771, -0.0732331
-4.75437, 2.39709, -0.0715047
-4.00293, 2.39969, -0.0660517
-3.25147, 2.39997, -0.0575005
-2.5, 2.39993, -0.0465035
-1.74854, 2.39936, -0.0336856
-0.997173, 2.39411, -0.0196637
-0.24923, 2.36125, -0.00501352
0.492693, 2.30357, 0.00985457
1.2427, 2.28301, 0.0243386
1.99414, 2.28032, 0.0380382
2.7456, 2.28003, 0.0503277
3.49707, 2.28, 0.0605957
4.24853, 2.28, 0.0682072
5, 2.28, 0.0712676
-10, 2.22, -0.000392928
-9.24841, 2.22001, -0.0121985
-8.49682, 2.22007, -0.0338214
-7.74524, 2.22072, -0.0510678
-6.99377, 2.2266, -0.0633731
-6.24615, 2.26298, -0.0706706
-5.50482, 2.32519, -0.0732337
-4.75474, 2.34685, -0.0715061
-4.00318, 2.34967, -0.0660538
-3.25159, 2.34996, -0.0575019
-2.5, 2.34993, -0.0465034
-1.74841, 2.34931, -0.0336834
-0.996937, 2.34362, -0.0196619
-0.249166, 2.30802, -0.00501725
0.492084, 2.24554, 0.00984924
1.24209, 2.22327, 0.0243282
1.99365, 2.22035, 0.0380297
2.74524, 2.22004, 0.050322
3.49682, 2.22, 0.0605926
4.24841, 2.22, 0.0682061
5, 2.22, 0.0712672
-10, 2.16, -0.000394939
-9.24829, 2.16001, -0.0122021
-8.49658, 2.16008, -0.0338275
-7.74487, 2.16077, -0.0510747
-6.99329, 2.16711, -0.0633776
-6.24585, 2.20628, -0.0706719
-5.50519, 2.27328, -0.0732343
-4.7551, 2.29661, -0.0715075
-4.00342, 2.29964, -0.0660559
-3.25171, 2.29996, -0.0575034
-2.5, 2.29992, -0.0465033
-1.74829, 2.29926, -0.0336812
-0.996702, 2.29313, -0.0196601
-0.249102, 2.25479, -0.00502099
0.491475, 2.1875, 0.00984392
1.24148, 2.16352, 0.0243178
1.99316, 2.16037, 0.0380211
2.74487, 2.16004, 0.0503164
3.49658, 2.16, 0.0605895
4.24829, 2.16, 0.0682049
5, 2.16, 0.0712668
-10, 2.1, -0.000396949
-9.24817, 2.10001, -0.0122058
-8.49634, 2.10009, -0.0338336
-7.74451, 2.10083, -0.0510816
-6.99281, 2.10762, -0.063382
-6.24555, 2.14959, -0.0706732
-5.50556, 2.22137, -0.0732349
-4.75546, 2.24636, -0.0715089
-4.00366, 2.24961, -0.0660581
-3.25183, 2.24996, -0.0575049
-2.5, 2.24992, -0.0465032
-1.74817, 2.2492, -0.033679
-0.996466, 2.24264, -0.0196584
-0.249038, 2.20156, -0.00502473
0.490866, 2.12947, 0.00983859
1.24087, 2.10377, 0.0243073
1.99267, 2.1004, 0.0380125
2.7445, 2.10004, 0.0503107
3.49634, 2.1, 0.0605864
4.24817, 2.1, 0.0682037
5, 2.1, 0.0712664
-10, 2.04, -0.00039896
-9.24805, 2.04001, -0.0122094
-8.49609, 2.04009, -0.0338397
-7.74414, 2.04088, -0.0510885
-6.99233, 2.04812, -0.0633864
-6.24526, 2.09289, -0.0706744
-5.50593, 2.16946, -0.0732355
-4.75583, 2.19612, -0.0715103
-4.00391, 2.19959, -0.0660602
-3.25195, 2.19996, -0.0575064
-2.5, 2.19991, -0.0465031
-1.74805, 2.19915, -0.0336769
-0.996231, 2.19215, -0.0196566
-0.248974, 2.14833, -0.00502847
0.490258, 2.07143, 0.00983326
1.24027, 2.04402, 0.0242969
1.99218, 2.04043, 0.038004
2.74414, 2.04004, 0.0503051
3.49609, 2.04, 0.0605833
4.24805, 2.04, 0.0682026
5, 2.04, 0.071266
-10, 1.98, -0.000400971
-9.24792, 1.98001, -0.0122131
-8.49585, 1.9801, -0.0338459
-7.74377, 1.98094, -0.0510953
-6.99185, 1.98863, -0.0633908
-6.24496, 2.0362, -0.0706757
-5.5063, 2.11755, -0.0732361
-4.75619, 2.14588, -0.0715117
-4.00415, 2.14956, -0.0660623
-3.25208, 2.14995, -0.0575078
-2.5, 2.14991, -0.046503
-1.74793, 2.1491, -0.0336747
-0.995995, 2.14166, -0.0196548
-0.248909, 2.0951, -0.0050322
0.489649, 2.0134, 0.00982793
1.23966, 1.98427, 0.0242865
1.99169, 1.98045, 0.0379954
2.74377, 1.98005, 0.0502994
3.49585, 1.98, 0.0605802
4.24792, 1.98, 0.0682014
5, 1.98, 0.0712655
-10, 1.92, -0.000402982
-9.2478, 1.92001, -0.0122167
-8.4956, 1.9201, -0.033852
-7.74341, 1.92099, -0.0511022
-6.99137, 1.92914, -0.0633952
-6.24467, 1.9795, -0.070677
-5.50667, 2.06564, -0.0732367
-4.75656, 2.09564, -0.0715131
-4.0044, 2.09954, -0.0660645
-3.2522, 2.09995, -0.0575093
-2.5, 2.0999, -0.0465029
-1.7478, 2.09904, -0.0336725
-0.995759, 2.09117, -0.019653
-0.248845, 2.04187, -0.00503594
0.48904, 1.95536, 0.0098226
1.23905, 1.92452, 0.0242761
1.99121, 1.92048, 0.0379868
2.7434, 1.92005, 0.0502937
3.4956, 1.92, 0.0605771
4.2478, 1.92, 0.0682002
5, 1.92, 0.0712651
-10, 1.86, -0.000404992
-9.24768, 1.86001, -0.0122203
-8.49536, 1.86011, -0.0338581
-7.74304, 1.86105, -0.0511091
-6.99089, 1.86965, -0.0633997
-6.24437, 1.92281, -0.0706783
-5.50704, 2.01374, -0.0732373
-4.75692, 2.04539, -0.0715145
-4.00464, 2.04951, -0.0660666
-3.25232, 2.04995, -0.0575108
-2.5, 2.04989, -0.0465029
-1.74768, 2.04899, -0.0336703
-0.995524, 2.04068, -0.0196512
-0.248781, 1.98864, -0.00503968
0.488431, 1.89732, 0.00981727
1.23844, 1.86477, 0.0242657
1.99072, 1.86051, 0.0379782
2.74304, 1.86005, 0.0502881
3.49536, 1.86001, 0.0605741
4.24768, 1.86, 0.0681991
5, 1.86, 0.0712647
-10, 1.8, -0.000407003
-9.24756, 1.80001, -0.012224
-8.49511, 1.80011, -0.0338642
-7.74267, 1.8011, -0.051116
-6.99041, 1.81016, -0.0634041
-6.24407, 1.86612, -0.0706795
-5.50741, 1.96183, -0.0732378
-4.75729, 1.99515, -0.0715159
-4.00489, 1.99949, -0.0660687
-3.25244, 1.99995, -0.0575123
-2.5, 1.99989, -0.0465028
-1.74756, 1.99894, -0.0336681
-0.995288, 1.99019, -0.0196494
-0.248717, 1.93542, -0.00504342
0.487822, 1.83929, 0.00981193
1.23783, 1.80502, 0.0242552
1.99023, 1.80053, 0.0379696
2.74267, 1.80005, 0.0502824
3.49511, 1.80001, 0.060571
4.24756, 1.8, 0.0681979
5, 1.8, 0.0712643
-10, 1.74, -0.000409014
-9.24743, 1.74001, -0.0122276
-8.49487, 1.74012, -0.0338703
-7.74231, 1.74116, -0.0511228
-6.98993, 1.75066, -0.0634085
-6.24378, 1.80942, -0.0706808
-5.50778, 1.90992, -0.0732384
-4.75765, 1.94491, -0.0715173
-4.00513, 1.94946, -0.0660709
-3.25257, 1.94994, -0.0575137
-2.5, 1.94988, -0.0465027
-1.74744, 1.94888, -0.0336659
-0.995053, 1.9397, -0.0196476
-0.248653, 1.88219, -0.00504716
0.487213, 1.78125, 0.0098066
1.23722, 1.74527, 0.0242448
1.98974, 1.74056, 0.0379611
2.7423, 1.74006, 0.0502767
3.49487, 1.74001, 0.0605679
4.24743, 1.74, 0.0681968
5, 1.74, 0.0712639
-10, 1.68, -0.000411024
-9.24731, 1.68001, -0.0122312
-8.49463, 1.68012, -0.0338764
-7.74194, 1.68121, -0.0511297
-6.98945, 1.69117, -0.0634129
-6.24348, 1.75273, -0.0706821
-5.50815, 1.85801, -0.073239
-4.75801, 1.89467, -0.0715187
-4.00537, 1.89943, -0.066073
-3.25269, 1.89994, -0.0575152
-2.5, 1.89988, -0.0465026
-1.74732, 1.89883, -0.0336637
-0.994817, 1.88921, -0.0196458
-0.248589, 1.82896, -0.0050509
0.486604, 1.72322, 0.00980127
1.23661, 1.68553, 0.0242344
1.98925, 1.68058, 0.0379525
2.74194, 1.68006, 0.0502711
3.49463, 1.68001, 0.0605648
4.24731, 1.68, 0.0681956
5, 1.68, 0.0712635
-10, 1.62, -0.000413035
-9.24719, 1.62001, -0.0122349
-8.49438, 1.62013, -0.0338825
-7.74157, 1.62127, -0.0511366
-6.98898, 1.63168, -0.0634173
-6.24318, 1.69603, -0.0706834
-5.50852, 1.8061, -0.0732396
-4.75838, 1.84442, -0.0715201
-4.00562, 1.84941, -0.0660751
-3.25281, 1.84994, -0.0575167
-2.5, 1.84987, -0.0465025
-1.74719, 1.84878, -0.0336616
-0.994582, 1.83872, -0.0196441
-0.248525, 1.77573, -0.00505463
0.485995, 1.66518, 0.00979593
1.23601, 1.62578, 0.024224
1.98876, 1.62061, 0.0379439
2.74157, 1.62006, 0.0502654
3.49438, 1.62001, 0.0605617
4.24719, 1.62, 0.0681944
5, 1.62, 0.0712631
-10, 1.56, -0.000415046
-9.24707, 1.56001, -0.0122385
-8.49414, 1.56014, -0.0338887
-7.74121, 1.56132, -0.0511435
-6.9885, 1.57219, -0.0634217
-6.24289, 1.63934, -0.0706846
-5.50889, 1.75419, -0.0732402
-4.75874, 1.79418, -0.0715214
-4.00586, 1.79938, -0.0660773
-3.25293, 1.79994, -0.0575182
-2.5, 1.79987, -0.0465024
-1.74707, 1.79872, -0.0336594
-0.994346, 1.78823, -0.0196423
-0.24846, 1.7225, -0.00505837
0.485386, 1.60715, 0.0097906
1.2354, 1.56603, 0.0242136
1.98827, 1.56064, 0.0379353
2.74121, 1.56007, 0.0502598
3.49414, 1.56001, 0.0605586
4.24707, 1.56, 0.0681933
5, 1.56, 0.0712627
-10, 1.5, -0.000417056
-9.24695, 1.50001, -0.0122421
-8.49389, 1.50014, -0.0338948
-7.74084, 1.50138, -0.0511503
-6.98802, 1.51269, -0.0634261
-6.24259, 1.58264, -0.0706859
-5.50926, 1.70228, -0.0732408
-4.75911, 1.74394, -0.0715228
-4.00611, 1.74936, -0.0660794
-3.25305, 1.74993, -0.0575196
-2.5, 1.74986, -0.0465023
-1.74695, 1.74867, -0.0336572
-0.99411, 1.73774, -0.0196405
-0.248396, 1.66927, -0.00506211
0.484777, 1.54911, 0.00978526
1.23479, 1.50628, 0.0242031
1.98779, 1.50066, 0.0379268
2.74084, 1.50007, 0.0502541
3.49389, 1.50001, 0.0605555
4.24695, 1.5, 0.0681921
5, 1.5, 0.0712623
-10, 1.44, -0.000419067
-9.24682, 1.44001, -0.0122458
-8.49365, 1.44015, -0.0339009
-7.74048, 1.44143, -0.0511572
-6.98754, 1.4532, -0.0634305
-6.24229, 1.52595, -0.0706872
-5.50963, 1.65037, -0.0732414
-4.75947, 1.6937, -0.0715242
-4.00635, 1.69933, -0.0660815
-3.25318, 1.69993, -0.0575211
-2.5, 1.69986, -0.0465022
-1.74683, 1.69862, -0.033655
-0.993875, 1.68725, -0.0196387
-0.248332, 1.61604, -0.00506585
0.484168, 1.49108, 0.00977993
1.23418, 1.44653, 0.0241927
1.9873, 1.44069, 0.0379182
2.74047, 1.44007, 0.0502484
3.49365, 1.44001, 0.0605524
4.24682, 1.44, 0.0681909
5, 1.44, 0.0712619
-10, 1.38, -0.000421077
-9.2467, 1.38001, -0.0122494
-8.4934, 1.38015, -0.033907
-7.74011, 1.38149, -0.0511641
-6.98706, 1.39371, -0.0634349
-6.242, 1.46926, -0.0706884
-5.51, 1.59847, -0.073242
-4.75984, 1.64346, -0.0715256
-4.0066, 1.64931, -0.0660837
-3.2533, 1.64993, -0.0575226
-2.5, 1.64985, -0.0465021
-1.7467, 1.64856, -0.0336528
-0.993639, 1.63676, -0.0196369
-0.248268, 1.56281, -0.00506959
0.48356, 1.43304, 0.00977459
1.23357, 1.38678, 0.0241823
1.98681, 1.38072, 0.0379096
2.74011, 1.38007, 0.0502428
3.4934, 1.38001, 0.0605494
4.2467, 1.38, 0.0681898
5, 1.38, 0.0712615
-10, 1.32, -0.000423088
-9.24658, 1.32001, -0.012253
-8.49316, 1.32016, -0.0339131
-7.73974, 1.32154, -0.0511709
-6.98658, 1.33422, -0.0634394
-6.2417, 1.41256, -0.0706897
-5.51037, 1.54656, -0.0732426
-4.7602, 1.59321, -0.071527
-4.00684, 1.59928, -0.0660858
-3.25342, 1.59992, -0.057524
-2.5, 1.59984, -0.046502
-1.74658, 1.59851, -0.0336506
-0.993404, 1.58627, -0.0196351
-0.248204, 1.50958, -0.00507333
0.482951, 1.375, 0.00976925
1.23296, 1.32703, 0.0241719
1.98632, 1.32074, 0.037901
2.73974, 1.32008, 0.0502371
3.49316, 1.32001, 0.0605463
4.24658, 1.32, 0.0681886
5, 1.32, 0.0712611
-10, 1.26, -0.000425098
-9.24646, 1.26002, -0.0122567
-8.49292, 1.26016, -0.0339192
-7.73938, 1.2616, -0.0511778
-6.9861, 1.27473, -0.0634438
-6.24141, 1.35587, -0.070691
-5.51075, 1.49465, -0.0732432
-4.76056, 1.54297, -0.0715284
-4.00708, 1.54926, -0.0660879
-3.25354, 1.54992, -0.0575255
-2.5, 1.54984, -0.0465019
-1.74646, 1.54846, -0.0336484
-0.993168, 1.53578, -0.0196333
-0.24814, 1.45635, -0.00507707
0.482342, 1.31697, 0.00976391
1.23236, 1.26728, 0.0241614
1.98583, 1.26077, 0.0378924
2.73937, 1.26008, 0.0502314
3.49292, 1.26001, 0.0605432
4.24646, 1.26, 0.0681874
5, 1.26, 0.0712607
-10, 1.2, -0.000427109
-9.24634, 1.20002, -0.0122603
-8.49267, 1.20017, -0.0339253
-7.73901, 1.20165, -0.0511847
-6.98562, 1.21523, -0.0634482
-6.24111, 1.29917, -0.0706922
-5.51112, 1.44274, -0.0732438
-4.76093, 1.49273, -0.0715298
-4.00733, 1.49923, -0.0660901
-3.25366, 1.49992, -0.057527
-2.5, 1.49983, -0.0465018
-1.74634, 1.4984, -0.0336463
-0.992932, 1.48528, -0.0196316
-0.248076, 1.40312, -0.00508081
0.481733, 1.25893, 0.00975857
1.23175, 1.20753, 0.024151
1.98534, 1.2008, 0.0378839
2.73901, 1.20008, 0.0502258
3.49267, 1.20001, 0.0605401
4.24634, 1.2, 0.0681862
5, 1.2, 0.0712602
-10, 1.14, -0.000429119
-9.24621, 1.14002, -0.0122639
-8.49243, 1.14018, -0.0339314
-7.73864, 1.14171, -0.0511915
-6.98514, 1.15574, -0.0634526
-6.24081, 1.24248, -0.0706935
-5.51149, 1.39083, -0.0732444
-4.76129, 1.44249, -0.0715312
-4.00757, 1.4492, -0.0660922
-3.25379, 1.44992, -0.0575285
-2.5, 1.44983, -0.0465017
-1.74622, 1.44835, -0.0336441
-0.992697, 1.43479, -0.0196298
-0.248011, 1.34989, -0.00508455
0.481124, 1.2009, 0.00975323
1.23114, 1.14779, 0.0241406
1.98485, 1.14082, 0.0378753
2.73864, 1.14009, 0.0502201
3.49243, 1.14001, 0.060537
4.24621, 1.14, 0.0681851
5, 1.14, 0.0712598
-10, 1.08, -0.000431129
-9.24609, 1.08002, -0.0122676
-8.49218, 1.08018, -0.0339375
-7.73828, 1.08176, -0.0511984
-6.98466, 1.09625, -0.063457
-6.24052, 1.18579, -0.0706948
-5.51186, 1.33892, -0.073245
-4.76166, 1.39224, -0.0715326
-4.00782, 1.39918, -0.0660943
-3.25391, 1.39991, -0.0575299
-2.5, 1.39982, -0.0465016
-1.74609, 1.3983, -0.0336419
-0.992461, 1.3843, -0.019628
-0.247947, 1.29666, -0.00508829
0.480515, 1.14286, 0.00974789
1.23053, 1.08804, 0.0241302
1.98437, 1.08085, 0.0378667
2.73827, 1.08009, 0.0502144
3.49218, 1.08001, 0.0605339
4.24609, 1.08, 0.0681839
5, 1.08, 0.0712594
-10, 1.02, -0.00043314
-9.24597, 1.02002, -0.0122712
-8.49194, 1.02019, -0.0339436
-7.73791, 1.02182, -0.0512053
-6.98418, 1.03676, -0.0634614
-6.24022, 1.12909, -0.070696
-5.51223, 1.28701, -0.0732455
-4.76202, 1.342, -0.0715339
-4.00806, 1.34915, -0.0660964
-3.25403, 1.34991, -0.0575314
-2.5, 1.34982, -0.0465015
-1.74597, 1.34824, -0.0336397
-0.992226, 1.33381, -0.0196262
-0.247883, 1.24344, -0.00509202
0.479906, 1.08483, 0.00974255
1.22992, 1.02829, 0.0241197
1.98388, 1.02088, 0.0378581
2.73791, 1.02009, 0.0502088
3.49194, 1.02001, 0.0605308
4.24597, 1.02, 0.0681827
5, 1.02, 0.071259
-10, 0.96, -0.00043515
-9.24585, 0.960018, -0.0122748
-8.49169, 0.960193, -0.0339497
-7.73754, 0.961873, -0.0512121
-6.9837, 0.977264, -0.0634658
-6.23992, 1.0724, -0.0706973
-5.5126, 1.23511, -0.0732461
-4.76239, 1.29176, -0.0715353
-4.00831, 1.29913, -0.0660986
-3.25415, 1.29991, -0.0575329
-2.5, 1.29981, -0.0465014
-1.74585, 1.29819, -0.0336375
-0.99199, 1.28332, -0.0196244
-0.247819, 1.19021, -0.00509576
0.479297, 1.02679, 0.0097372
1.22931, 0.968539, 0.0241093
1.98339, 0.960904, 0.0378495
2.73754, 0.960093, 0.0502031
3.49169, 0.960009, 0.0605277
4.24585, 0.960001, 0.0681816
5, 0.96, 0.0712586
-10, 0.9, -0.00043716
-9.24572, 0.900019, -0.0122785
-8.49145, 0.900199, -0.0339559
-7.73718, 0.901928, -0.051219
-6.98322, 0.917772, -0.0634702
-6.23963, 1.0157, -0.0706986
-5.51297, 1.1832, -0.0732467
-4.76275, 1.24152, -0.0715367
-4.00855, 1.2491, -0.0661007
-3.25428, 1.24991, -0.0575343
-2.5, 1.24981, -0.0465013
-1.74573, 1.24814, -0.0336353
-0.991754, 1.23283, -0.0196226
-0.247755, 1.13698, -0.0050995
0.478688, 0.968755, 0.00973186
1.2287, 0.908791, 0.0240989
1.9829, 0.900931, 0.0378409
2.73717, 0.900096, 0.0501974
3.49145, 0.90001, 0.0605246
4.24572, 0.900001, 0.0681804
5, 0.9, 0.0712582
-10, 0.84, -0.000439171
-9.2456, 0.840019, -0.0122821
-8.49121, 0.840204, -0.033962
-7.73681, 0.841983, -0.0512258
-6.98274, 0.85828, -0.0634746
-6.23933, 0.959009, -0.0706998
-5.51334, 1.13129, -0.0732473
-4.76311, 1.19127, -0.0715381
-4.00879, 1.19908, -0.0661028
-3.2544, 1.1999, -0.0575358
-2.5, 1.1998, -0.0465012
-1.74561, 1.19809, -0.0336331
-0.991519, 1.18234, -0.0196208
-0.247691, 1.08375, -0.00510324
0.478079, 0.910719, 0.00972652
1.2281, 0.849042, 0.0240884
1.98241, 0.840957, 0.0378324
2.73681, 0.840099, 0.0501917
3.49121, 0.84001, 0.0605215
4.2456, 0.840001, 0.0681792
5, 0.84, 0.0712578
-10, 0.78, -0.000441181
-9.24548, 0.78002, -0.0122857
-8.49096, 0.78021, -0.0339681
-7.73645, 0.782038, -0.0512327
-6.98227, 0.798787, -0.063479
-6.23903, 0.902314, -0.0707011
-5.51371, 1.07938, -0.0732479
-4.76348, 1.14103, -0.0715395
-4.00904, 1.14905, -0.0661049
-3.25452, 1.1499, -0.0575373
-2.5, 1.14979, -0.0465011
-1.74548, 1.14803, -0.0336309
-0.991283, 1.13185, -0.0196191
-0.247626, 1.03052, -0.00510698
0.477471, 0.852684, 0.00972117
1.22749, 0.789293, 0.024078
1.98192, 0.780984, 0.0378238
2.73644, 0.780102, 0.0501861
3.49096, 0.78001, 0.0605184
4.24548, 0.780001, 0.0681781
5, 0.78, 0.0712574
-10, 0.72, -0.000443191
-9.24536, 0.72002, -0.0122894
-8.49072, 0.720216, -0.0339742
-7.73608, 0.722093, -0.0512395
-6.98179, 0.739295, -0.0634834
-6.23874, 0.84562, -0.0707024
-5.51408, 1.02747, -0.0732485
-4.76384, 1.09079, -0.0715409
-4.00928, 1.09902, -0.0661071
-3.25464, 1.0999, -0.0575388
-2.5, 1.09979, -0.046501
-1.74536, 1.09798, -0.0336288
-0.991048, 1.08136, -0.0196173
-0.247562, 0.977289, -0.00511072
0.476862, 0.794648, 0.00971583
1.22688, 0.729544, 0.0240676
1.98143, 0.72101, 0.0378152
2.73608, 0.720104, 0.0501804
3.49072, 0.720011, 0.0605154
4.24536, 0.720001, 0.0681769
5, 0.72, 0.071257
-10, 0.66, -0.000445201
-9.24524, 0.660021, -0.012293
-8.49047, 0.660221, -0.0339803
-7.73571, 0.662148, -0.0512464
-6.98131, 0.679803, -0.0634878
-6.23844, 0.788926, -0.0707036
-5.51445, 0.975562, -0.0732491
-4.76421, 1.04055, -0.0715423
-4.00953, 1.049, -0.0661092
-3.25476, 1.04989, -0.0575402
-2.5, 1.04978, -0.0465009
-1.74524, 1.04793, -0.0336266
-0.990812, 1.03087, -0.0196155
-0.247498, 0.92406, -0.00511446
0.476253, 0.736613, 0.00971048
1.22627, 0.669795, 0.0240572
1.98095, 0.661037, 0.0378066
2.73571, 0.660107, 0.0501747
3.49047, 0.660011, 0.0605123
4.24524, 0.660001, 0.0681757
5, 0.66, 0.0712566
-10, 0.6, -0.000447211
-9.24511, 0.600021, -0.0122966
-8.49023, 0.600227, -0.0339864
-7.73535, 0.602203, -0.0512532
-6.98083, 0.620311, -0.0634922
-6.23815, 0.732232, -0.0707049
-5.51482, 0.923654, -0.0732497
-4.76457, 0.990304, -0.0715436
-4.00977, 0.998973, -0.0661113
-3.25489, 0.999892, -0.0575417
-2.5, 0.999778, -0.0465008
-1.74512, 0.997872, -0.0336244
-0.990577, 0.98038, -0.0196137
-0.247434, 0.87083, -0.0051182
0.475644, 0.678577, 0.00970513
1.22566, 0.610046, 0.0240467
1.98046, 0.601063, 0.037798
2.73534, 0.60011, 0.0501691
3.49023, 0.600011, 0.0605092
4.24511, 0.600001, 0.0681746
5, 0.6, 0.0712562
-10, 0.54, -0.000449222
-9.24499, 0.540022, -0.0123003
-8.48998, 0.540233, -0.0339925
-7.73498, 0.542258, -0.0512601
-6.98035, 0.560818, -0.0634966
-6.23785, 0.675538, -0.0707062
-5.51519, 0.871745, -0.0732503
-4.76494, 0.940061, -0.071545
-4.01001, 0.948947, -0.0661134
-3.25501, 0.949889, -0.0575432
-2.5, 0.949772, -0.0465007
-1.745, 0.947819, -0.0336222
-0.990341, 0.929889, -0.0196119
-0.24737, 0.817601, -0.00512194
0.475035, 0.620542, 0.00969978
1.22505, 0.550298, 0.0240363
1.97997, 0.54109, 0.0377894
2.73498, 0.540113, 0.0501634
3.48998, 0.540011, 0.0605061
4.24499, 0.540001, 0.0681734
5, 0.54, 0.0712557
-10, 0.48, -0.000451232
-9.24487, 0.480022, -0.0123039
-8.48974, 0.480238, -0.0339986
-7.73461, 0.482313, -0.0512669
-6.97987, 0.501326, -0.063501
-6.23755, 0.618843, -0.0707074
-5.51556, 0.819836, -0.0732508
-4.7653, 0.889819, -0.0715464
-4.01026, 0.898921, -0.0661156
-3.25513, 0.899887, -0.0575446
-2.5, 0.899766, -0.0465006
-1.74487, 0.897766, -0.03362
-0.990105, 0.879399, -0.0196101
-0.247306, 0.764372, -0.00512568
0.474426, 0.562506, 0.00969444
1.22445, 0.490549, 0.0240259
1.97948, 0.481117, 0.0377808
2.73461, 0.480115, 0.0501577
3.48974, 0.480012, 0.060503
4.24487, 0.480001, 0.0681722
5, 0.48, 0.0712553
-10, 0.42, -0.000453242
-9.24475, 0.420023, -0.0123075
-8.4895, 0.420244, -0.0340047
-7.73425, 0.422368, -0.0512738
-6.97939, 0.441834, -0.0635054
-6.23726, 0.562149, -0.0707087
-5.51593, 0.767928, -0.0732514
-4.76566, 0.839577, -0.0715478
-4.0105, 0.848896, -0.0661177
-3.25525, 0.849884, -0.0575461
-2.5, 0.849761, -0.0465005
-1.74475, 0.847713, -0.0336178
-0.98987, 0.828908, -0.0196083
-0.247242, 0.711143, -0.00512942
0.473817, 0.50447, 0.00968909
1.22384, 0.4308, 0.0240154
1.97899, 0.421143, 0.0377722
2.73424, 0.420118, 0.050152
3.4895, 0.420012, 0.0604999
4.24475, 0.420001, 0.0681711
5, 0.42, 0.0712549
-10, 0.36, -0.000455252
-9.24463, 0.360024, -0.0123111
-8.48925, 0.36025, -0.0340108
-7.73388, 0.362424, -0.0512806
-6.97891, 0.382342, -0.0635098
-6.23696, 0.505455, -0.07071
-5.5163, 0.716019, -0.073252
-4.76603, 0.789334, -0.0715492
-4.01075, 0.79887, -0.0661198
-3.25537, 0.799881, -0.0575476
-2.5, 0.799755, -0.0465004
-1.74463, 0.79766, -0.0336156
-0.989634, 0.778418, -0.0196066
-0.247177, 0.657913, -0.00513316
0.473208, 0.446435, 0.00968374
1.22323, 0.371051, 0.024005
1.9785, 0.36117, 0.0377637
2.73388, 0.360121, 0.0501464
3.48925, 0.360012, 0.0604968
4.24463, 0.360001, 0.0681699
5, 0.36, 0.0712545
-10, 0.3, -0.000457262
-9.2445, 0.300024, -0.0123148
-8.48901, 0.300256, -0.0340169
-7.73352, 0.302479, -0.0512875
-6.97843, 0.32285, -0.0635141
-6.23666, 0.448761, -0.0707112
-5.51667, 0.66411, -0.0732526
-4.76639, 0.739092, -0.0715505
-4.01099, 0.748844, -0.0661219
-3.2555, 0.749879, -0.0575491
-2.5, 0.74975, -0.0465003
-1.74451, 0.747606, -0.0336135
-0.989399, 0.727927, -0.0196048
-0.247113, 0.604684, -0.0051369
0.472599, 0.388399, 0.00967838
1.22262, 0.311302, 0.0239946
1.97801, 0.301196, 0.0377551
2.73351, 0.300124, 0.0501407
3.48901, 0.300012, 0.0604937
4.2445, 0.300001, 0.0681687
5, 0.3, 0.0712541
-10, 0.24, -0.000459272
-9.24438, 0.240025, -0.0123184
-8.48876, 0.240261, -0.034023
-7.73315, 0.242534, -0.0512943
-6.97795, 0.263357, -0.0635185
-6.23637, 0.392066, -0.0707125
-5.51704, 0.612202, -0.0732532
-4.76676, 0.688849, -0.0715519
-4.01124, 0.698819, -0.0661241
-3.25562, 0.699876, -0.0575505
-2.5, 0.699744, -0.0465002
-1.74439, 0.697553, -0.0336113
-0.989163, 0.677437, -0.019603
-0.247049, 0.551455, -0.00514064
0.47199, 0.330364, 0.00967303
1.22201, 0.251553, 0.0239841
1.97753, 0.241223, 0.0377465
2.73314, 0.240126, 0.050135
3.48876, 0.240013, 0.0604906
4.24438, 0.240001, 0.0681676
5, 0.24, 0.0712537
-10, 0.18, -0.000461282
-9.24426, 0.180025, -0.012322
-8.48852, 0.180267, -0.0340291
-7.73278, 0.182589, -0.0513012
-6.97747, 0.203865, -0.0635229
-6.23607, 0.335372, -0.0707137
-5.51741, 0.560293, -0.0732538
-4.76712, 0.638607, -0.0715533
-4.01148, 0.648793, -0.0661262
-3.25574, 0.649873, -0.057552
-2.5, 0.649739, -0.0465001
-1.74426, 0.6475, -0.0336091
-0.988927, 0.626946, -0.0196012
-0.246985, 0.498226, -0.00514438
0.471381, 0.272328, 0.00966768
1.2214, 0.191805, 0.0239737
1.97704, 0.18125, 0.0377379
2.73278, 0.180129, 0.0501293
3.48852, 0.180013, 0.0604875
4.24426, 0.180001, 0.0681664
5, 0.18, 0.0712533
-10, 0.12, -0.000463292
-9.24414, 0.120026, -0.0123257
-8.48827, 0.120273, -0.0340352
-7.73242, 0.122644, -0.051308
-6.97699, 0.144373, -0.0635273
-6.23577, 0.278678, -0.070715
-5.51778, 0.508384, -0.0732544
-4.76749, 0.588364, -0.0715547
-4.01172, 0.598767, -0.0661283
-3.25586, 0.599871, -0.0575535
-2.5, 0.599733, -0.0465
-1.74414, 0.597447, -0.0336069
-0.988692, 0.576456, -0.0195994
-0.246921, 0.444997, -0.00514813
0.470773, 0.214293, 0.00966233
1.2208, 0.132056, 0.0239633
1.97655, 0.121276, 0.0377293
2.73241, 0.120132, 0.0501237
3.48827, 0.120013, 0.0604844
4.24414, 0.120001, 0.0681652
5, 0.12, 0.0712529
-10, 0.06, -0.000465302
-9.24401, 0.0600262, -0.0123293
-8.48803, 0.0602782, -0.0340413
-7.73205, 0.062699, -0.0513149
-6.97651, 0.0848806, -0.0635317
-6.23548, 0.221984, -0.0707163
-5.51816, 0.456476, -0.073255
-4.76785, 0.538122, -0.071556
-4.01197, 0.548741, -0.0661304
-3.25599, 0.549868, -0.0575549
-2.5, 0.549728, -0.0464999
-1.74402, 0.547394, -0.0336047
-0.988456, 0.525965, -0.0195976
-0.246857, 0.391767, -0.00515187
0.470164, 0.156257, 0.00965697
1.22019, 0.0723069, 0.0239528
1.97606, 0.0613027, 0.0377207
2.73204, 0.0601346, 0.050118
3.48803, 0.0600136, 0.0604813
4.24401, 0.0600012, 0.0681641
5, 0.06, 0.0712525
-10, 0, -0.000467312
-9.24389, 2.67584e-05, -0.0123329
-8.48779, 0.000283919, -0.0340474
-7.73168, 0.00275405, -0.0513217
-6.97603, 0.0253884, -0.0635361
-6.23518, 0.16529, -0.0707175
-5.51853, 0.404567, -0.0732555
-4.76821, 0.48788, -0.0715574
-4.01221, 0.498716, -0.0661325
-3.25611, 0.499865, -0.0575564
-2.5, 0.499722, -0.0464998
-1.7439, 0.497341, -0.0336025
-0.988221, 0.475475, -0.0195959
-0.246793, 0.338538, -0.00515561
0.469555, 0.0982214, 0.00965163
1.21958, 0.0125581, 0.0239424
1.97557, 0.00132933, 0.0377121
2.73168, 0.000137381, 0.0501123
3.48779, 1.38368e-05, 0.0604782
4.24389, 1.17908e-06, 0.0681629
5, 0, 0.0712521
