50, 20
-10, 3, 1
-9.25, 3, 1
-8.5, 3, 1
-7.75, 3, 1.00001
-7, 3, 1.00001
-6.25, 3, 1
-5.5, 3, 0.999995
-4.75, 3, 0.999995
-4, 3, 0.999997
-3.25, 3, 0.999999
-2.5, 3, 1
-1.75, 3, 1
-1, 3, 1
-0.25, 3, 1
0.5, 3, 1
1.25, 3, 1
2, 3, 1
2.75, 3, 1
3.5, 3, 1
4.25, 3, 1
5, 3, 1
-10, 2.94, 1
-9.24988, 2.94, 1
-8.49976, 2.94001, 1
-7.74963, 2.94006, 1.00001
-6.99952, 2.94051, 1.00001
-6.2497, 2.94331, 1
-5.50037, 2.94809, 0.999995
-4.75036, 2.94976, 0.999995
-4.00024, 2.94997, 0.999997
-3.25012, 2.95, 0.999999
-2.5, 2.94999, 1
-1.74988, 2.94995, 1
-0.999764, 2.94951, 1
-0.249936, 2.94677, 1
0.499391, 2.94196, 1
1.24939, 2.94025, 1
1.99951, 2.94003, 1
2.74963, 2.94, 1
3.49976, 2.94, 1
4.24988, 2.94, 1
5, 2.94, 1
-10, 2.88, 1
-9.24976, 2.88, 1
-8.49951, 2.88001, 1
-7.74927, 2.88011, 1.00001
-6.99904, 2.88102, 1.00001
-6.24941, 2.88661, 1
-5.50074, 2.89618, 0.999995
-4.75073, 2.89952, 0.999995
-4.00049, 2.89995, 0.999997
-3.25024, 2.89999, 0.999999
-2.5, 2.89999, 1
-1.74976, 2.89989, 1
-0.999529, 2.89902, 1
-0.249872, 2.89354, 1
0.498782, 2.88393, 1
1.24878, 2.8805, 1
1.99902, 2.88005, 1
2.74927, 2.88001, 1
3.49951, 2.88, 1
4.24976, 2.88, 1
5, 2.88, 1
-10, 2.82, 1
-9.24963, 2.82, 1
-8.49927, 2.82002, 1
-7.7489, 2.82017, 1.00001
-6.99856, 2.82152, 1.00001
-6.24911, 2.82992, 1
-5.50111, 2.84427, 0.999995
-4.75109, 2.84927, 0.999995
-4.00073, 2.84992, 0.999997
-3.25037, 2.84999, 0.999999
-2.5, 2.84998, 1
-1.74963, 2.84984, 1
-0.999293, 2.84853, 1
-0.249808, 2.84031, 1
0.498173, 2.82589, 1
1.24817, 2.82075, 1
1.99853, 2.82008, 1
2.7489, 2.82001, 1
3.49927, 2.82, 1
4.24963, 2.82, 1
5, 2.82, 1
-10, 2.76, 1
-9.24951, 2.76, 1
-8.49902, 2.76002, 1
-7.74853, 2.76022, 1.00001
-6.99808, 2.76203, 1.00001
-6.24881, 2.77322, 1
-5.50148, 2.79237, 0.999995
-4.75146, 2.79903, 0.999995
-4.00098, 2.7999, 0.999997
-3.25049, 2.79999, 0.999999
-2.5, 2.79998, 1
-1.74951, 2.79979, 1
-0.999058, 2.79804, 1
-0.249743, 2.78708, 1
0.497564, 2.76786, 1
1.24757, 2.761, 1
1.99805, 2.76011, 1
2.74853, 2.76001, 1
3.49902, 2.76, 1
4.24951, 2.76, 1
5, 2.76, 1
-10, 2.7, 1
-9.24939, 2.7, 1
-8.49878, 2.70003, 1
-7.74817, 2.70028, 1.00001
-6.9976, 2.70254, 1.00001
-6.24852, 2.71653, 1
-5.50185, 2.74046, 0.999995
-4.75182, 2.74879, 0.999995
-4.00122, 2.74987, 0.999997
-3.25061, 2.74999, 0.999999
-2.5, 2.74997, 1
-1.74939, 2.74973, 1
-0.998822, 2.74755, 1
-0.249679, 2.73385, 1
0.496955, 2.70982, 1
1.24696, 2.70126, 1
1.99756, 2.70013, 1
2.74817, 2.70001, 1
3.49878, 2.7, 1
4.24939, 2.7, 1
5, 2.7, 1
-10, 2.64, 1
-9.24927, 2.64, 1
-8.49853, 2.64003, 1
-7.7478, 2.64033, 1.00001
-6.99712, 2.64305, 1.00001
-6.24822, 2.65983, 1
-5.50222, 2.68855, 0.999995
-4.75219, 2.69855, 0.999995
-4.00147, 2.69985, 0.999997
-3.25073, 2.69998, 0.999999
-2.5, 2.69997, 1
-1.74927, 2.69968, 1
-0.998586, 2.69706, 1
-0.249615, 2.68062, 1
0.496347, 2.65179, 1
1.24635, 2.64151, 1
1.99707, 2.64016, 1
2.7478, 2.64002, 1
3.49853, 2.64, 1
4.24927, 2.64, 1
5, 2.64, 1
-10, 2.58, 1
-9.24914, 2.58, 1
-8.49829, 2.58004, 1
-7.74744, 2.58039, 1.00001
-6.99664, 2.58355, 1.00001
-6.24793, 2.60314, 1
-5.50259, 2.63664, 0.999995
-4.75255, 2.6483, 0.999995
-4.00171, 2.64982, 0.999997
-3.25086, 2.64998, 0.999999
-2.5, 2.64996, 1
-1.74915, 2.64963, 1
-0.998351, 2.64657, 1
-0.249551, 2.6274, 1
0.495738, 2.59375, 1
1.24574, 2.58176, 1
1.99658, 2.58019, 1
2.74743, 2.58002, 1
3.49829, 2.58, 1
4.24914, 2.58, 1
5, 2.58, 1
-10, 2.52, 1
-9.24902, 2.52, 1
-8.49805, 2.52005, 1
-7.74707, 2.52044, 1.00001
-6.99617, 2.52406, 1.00001
-6.24763, 2.54645, 1
-5.50296, 2.58473, 0.999995
-4.75291, 2.59806, 0.999995
-4.00195, 2.59979, 0.999997
-3.25098, 2.59998, 0.999999
-2.5, 2.59996, 1
-1.74902, 2.59957, 1
-0.998115, 2.59608, 1
-0.249487, 2.57417, 1
0.495129, 2.53572, 1
1.24513, 2.52201, 1
1.99609, 2.52021, 1
2.74707, 2.52002, 1
3.49805, 2.52, 1
4.24902, 2.52, 1
5, 2.52, 1
-10, 2.46, 1
-9.2489, 2.46, 1
-8.4978, 2.46005, 1
-7.7467, 2.4605, 1.00001
-6.99569, 2.46457, 1.00001
-6.24733, 2.48975, 1
-5.50333, 2.53282, 0.999995
-4.75328, 2.54782, 0.999995
-4.0022, 2.54977, 0.999997
-3.2511, 2.54998, 0.999999
-2.5, 2.54995, 1
-1.7489, 2.54952, 1
-0.99788, 2.54559, 1
-0.249423, 2.52094, 1
0.49452, 2.47768, 1
1.24452, 2.46226, 1
1.9956, 2.46024, 1
2.7467, 2.46002, 1
3.4978, 2.46, 1
4.2489, 2.46, 1
5, 2.46, 1
-10, 2.4, 1
-9.24878, 2.40001, 1
-8.49756, 2.40006, 1
-7.74634, 2.40055, 1.00001
-6.99521, 2.40508, 1.00001
-6.24704, 2.43306, 1
-5.50371, 2.48091, 0.999995
-4.75364, 2.49758, 0.999995
-4.00244, 2.49974, 0.999997
-3.25122, 2.49997, 0.999999
-2.5, 2.49994, 1
-1.74878, 2.49947, 1
-0.997644, 2.49509, 1
-0.249359, 2.46771, 1
0.493911, 2.41964, 1
1.24392, 2.40251, 1
1.99511, 2.40027, 1
2.74634, 2.40003, 1
3.49756, 2.4, 1
4.24878, 2.4, 1
5, 2.4, 1
-10, 2.34, 1
-9.24866, 2.34001, 1
-8.49731, 2.34006, 1
-7.74597, 2.34061, 1.00001
-6.99473, 2.34559, 1.00001
-6.24674, 2.37636, 1
-5.50408, 2.429, 0.999995
-4.75401, 2.44733, 0.999995
-4.00269, 2.44972, 0.999997
-3.25134, 2.44997, 0.999999
-2.5, 2.44994, 1
-1.74866, 2.44941, 1
-0.997409, 2.4446, 1
-0.249294, 2.41448, 1
0.493302, 2.36161, 1
1.24331, 2.34276, 1
1.99463, 2.34029, 1
2.74597, 2.34003, 1
3.49731, 2.34, 1
4.24866, 2.34, 1
5, 2.34, 1
-10, 2.28, 1
-9.24853, 2.28001, 1
-8.49707, 2.28007, 1
-7.7456, 2.28066, 1.00001
-6.99425, 2.28609, 1.00001
-6.24644, 2.31967, 1
-5.50445, 2.3771, 0.999995
-4.75437, 2.39709, 0.999995
-4.00293, 2.39969, 0.999997
-3.25147, 2.39997, 0.999999
-2.5, 2.39993, 1
-1.74854, 2.39936, 1
-0.997173, 2.39411, 1
-0.24923, 2.36125, 1
0.492693, 2.30357, 1
1.2427, 2.28301, 1
1.99414, 2.28032, 1
2.7456, 2.28003, 1
3.49707, 2.28, 1
4.24853, 2.28, 1
5, 2.28, 1
-10, 2.22, 1
-9.24841, 2.22001, 1
-8.49682, 2.22007, 1
-7.74524, 2.22072, 1.00001
-6.99377, 2.2266, 1.00001
-6.24615, 2.26298, 1
-5.50482, 2.32519, 0.999995
-4.75474, 2.34685, 0.999995
-4.00318, 2.34967, 0.999997
-3.25159, 2.34996, 0.999999
-2.5, 2.34993, 1
-1.74841, 2.34931, 1
-0.996937, 2.34362, 1
-0.249166, 2.30802, 1
0.492084, 2.24554, 1
1.24209, 2.22327, 1
1.99365, 2.22035, 1
2.74524, 2.22004, 1
3.49682, 2.22, 1
4.24841, 2.22, 1
5, 2.22, 1
-10, 2.16, 1
-9.24829, 2.16001, 1
-8.49658, 2.16008, 1
-7.74487, 2.16077, 1.00001
-6.99329, 2.16711, 1.00001
-6.24585, 2.20628, 1
-5.50519, 2.27328, 0.999995
-4.7551, 2.29661, 0.999995
-4.00342, 2.29964, 0.999997
-3.25171, 2.29996, 0.999999
-2.5, 2.29992, 1
-1.74829, 2.29926, 1
-0.996702, 2.29313, 1
-0.249102, 2.25479, 1
0.491475, 2.1875, 1
1.24148, 2.16352, 1
1.99316, 2.16037, 1
2.74487, 2.16004, 1
3.49658, 2.16, 1
4.24829, 2.16, 1
5, 2.16, 1
-10, 2.1, 1
-9.24817, 2.10001, 1
-8.49634, 2.10009, 1
-7.74451, 2.10083, 1.00001
-6.99281, 2.10762, 1.00001
-6.24555, 2.14959, 1
-5.50556, 2.22137, 0.999995
-4.75546, 2.24636, 0.999995
-4.00366, 2.24961, 0.999997
-3.25183, 2.24996, 0.999999
-2.5, 2.24992, 1
-1.74817, 2.2492, 1
-0.996466, 2.24264, 1
-0.249038, 2.20156, 1
0.490866, 2.12947, 1
1.24087, 2.10377, 1
1.99267, 2.1004, 1
2.7445, 2.10004, 1
3.49634, 2.1, 1
4.24817, 2.1, 1
5, 2.1, 1
-10, 2.04, 1
-9.24805, 2.04001, 1
-8.49609, 2.04009, 1
-7.74414, 2.04088, 1.00001
-6.99233, 2.04812, 1.00001
-6.24526, 2.09289, 1
-5.50593, 2.16946, 0.999995
-4.75583, 2.19612, 0.999995
-4.00391, 2.19959, 0.999997
-3.25195, 2.19996, 0.999999
-2.5, 2.19991, 1
-1.74805, 2.19915, 1
-0.996231, 2.19215, 1
-0.248974, 2.14833, 1
0.490258, 2.07143, 0.999999
1.24027, 2.04402, 1
1.99218, 2.04043, 1
2.74414, 2.04004, 1
3.49609, 2.04, 1
4.24805, 2.04, 1
5, 2.04, 1
-10, 1.98, 1
-9.24792, 1.98001, 1
-8.49585, 1.9801, 1
-7.74377, 1.98094, 1.00001
-6.99185, 1.98863, 1.00001
-6.24496, 2.0362, 1
-5.5063, 2.11755, 0.999995
-4.75619, 2.14588, 0.999995
-4.00415, 2.14956, 0.999997
-3.25208, 2.14995, 0.999999
-2.5, 2.14991, 1
-1.74793, 2.1491, 1
-0.995995, 2.14166, 1
-0.248909, 2.0951, 1
0.489649, 2.0134, 0.999999
1.23966, 1.98427, 1
1.99169, 1.98045, 1
2.74377, 1.98005, 1
3.49585, 1.98, 1
4.24792, 1.98, 1
5, 1.98, 1
-10, 1.92, 1
-9.2478, 1.92001, 1
-8.4956, 1.9201, 1
-7.74341, 1.92099, 1.00001
-6.99137, 1.92914, 1.00001
-6.24467, 1.9795, 1
-5.50667, 2.06564, 0.999995
-4.75656, 2.09564, 0.999995
-4.0044, 2.09954, 0.999997
-3.2522, 2.09995, 0.999999
-2.5, 2.0999, 1
-1.7478, 2.09904, 1
-0.995759, 2.09117, 1
-0.248845, 2.04187, 1
0.48904, 1.95536, 0.999999
1.23905, 1.92452, 1
1.99121, 1.92048, 1
2.7434, 1.92005, 1
3.4956, 1.92, 1
4.2478, 1.92, 1
5, 1.92, 1
-10, 1.86, 1
-9.24768, 1.86001, 1
-8.49536, 1.86011, 1
-7.74304, 1.86105, 1.00001
-6.99089, 1.86965, 1.00001
-6.24437, 1.92281, 1
-5.50704, 2.01374, 0.999995
-4.75692, 2.04539, 0.999995
-4.00464, 2.04951, 0.999997
-3.25232, 2.04995, 0.999999
-2.5, 2.04989, 1
-1.74768, 2.04899, 1
-0.995524, 2.04068, 1
-0.248781, 1.98864, 1
0.488431, 1.89732, 0.999999
1.23844, 1.86477, 1
1.99072, 1.86051, 1
2.74304, 1.86005, 1
3.49536, 1.86001, 1
4.24768, 1.86, 1
5, 1.86, 1
-10, 1.8, 1
-9.24756, 1.80001, 1
-8.49511, 1.80011, 1
-7.74267, 1.8011, 1.00001
-6.99041, 1.81016, 1.00001
-6.24407, 1.86612, 1
-5.50741, 1.96183, 0.999995
-4.75729, 1.99515, 0.999995
-4.00489, 1.99949, 0.999997
-3.25244, 1.99995, 0.999999
-2.5, 1.99989, 1
-1.74756, 1.99894, 1
-0.995288, 1.99019, 1
-0.248717, 1.93542, 1
0.487822, 1.83929, 0.999999
1.23783, 1.80502, 1
1.99023, 1.80053, 1
2.74267, 1.80005, 1
3.49511, 1.80001, 1
4.24756, 1.8, 1
5, 1.8, 1
-10, 1.74, 1
-9.24743, 1.74001, 1
-8.49487, 1.74012, 1
-7.74231, 1.74116, 1.00001
-6.98993, 1.75066, 1.00001
-6.24378, 1.80942, 1
-5.50778, 1.90992, 0.999995
-4.75765, 1.94491, 0.999995
-4.00513, 1.94946, 0.999997
-3.25257, 1.94994, 0.999999
-2.5, 1.94988, 1
-1.74744, 1.94888, 1
-0.995053, 1.9397, 1
-0.248653, 1.88219, 1
0.487213, 1.78125, 0.999999
1.23722, 1.74527, 1
1.98974, 1.74056, 1
2.7423, 1.74006, 1
3.49487, 1.74001, 1
4.24743, 1.74, 1
5, 1.74, 1
-10, 1.68, 1
-9.24731, 1.68001, 1
-8.49463, 1.68012, 1
-7.74194, 1.68121, 1.00001
-6.98945, 1.69117, 1.00001
-6.24348, 1.75273, 1
-5.50815, 1.85801, 0.999995
-4.75801, 1.89467, 0.999995
-4.00537, 1.89943, 0.999997
-3.25269, 1.89994, 0.999999
-2.5, 1.89988, 1
-1.74732, 1.89883, 1
-0.994817, 1.88921, 1
-0.248589, 1.82896, 1
0.486604, 1.72322, 0.999999
1.23661, 1.68553, 1
1.98925, 1.68058, 1
2.74194, 1.68006, 1
3.49463, 1.68001, 1
4.24731, 1.68, 1
5, 1.68, 1
-10, 1.62, 1
-9.24719, 1.62001, 1
-8.49438, 1.62013, 1
-7.74157, 1.62127, 1.00001
-6.98898, 1.63168, 1.00001
-6.24318, 1.69603, 1
-5.50852, 1.8061, 0.999995
-4.75838, 1.84442, 0.999995
-4.00562, 1.84941, 0.999997
-3.25281, 1.84994, 0.999999
-2.5, 1.84987, 1
-1.74719, 1.84878, 1
-0.994582, 1.83872, 1
-0.248525, 1.77573, 1
0.485995, 1.66518, 0.999999
1.23601, 1.62578, 1
1.98876, 1.62061, 1
2.74157, 1.62006, 1
3.49438, 1.62001, 1
4.24719, 1.62, 1
5, 1.62, 1
-10, 1.56, 1
-9.24707, 1.56001, 1
-8.49414, 1.56014, 1
-7.74121, 1.56132, 1.00001
-6.9885, 1.57219, 1.00001
-6.24289, 1.63934, 1
-5.50889, 1.75419, 0.999995
-4.75874, 1.79418, 0.999995
-4.00586, 1.79938, 0.999997
-3.25293, 1.79994, 0.999999
-2.5, 1.79987, 1
-1.74707, 1.79872, 1
-0.994346, 1.78823, 1
-0.24846, 1.7225, 1
0.485386, 1.60715, 0.999999
1.2354, 1.56603, 1
1.98827, 1.56064, 1
2.74121, 1.56007, 1
3.49414, 1.56001, 1
4.24707, 1.56, 1
5, 1.56, 1
-10, 1.5, 1
-9.24695, 1.50001, 1
-8.49389, 1.50014, 1
-7.74084, 1.50138, 1.00001
-6.98802, 1.51269, 1.00001
-6.24259, 1.58264, 1
-5.50926, 1.70228, 0.999995
-4.75911, 1.74394, 0.999995
-4.00611, 1.74936, 0.999997
-3.25305, 1.74993, 0.999999
-2.5, 1.74986, 1
-1.74695, 1.74867, 1
-0.99411, 1.73774, 1
-0.248396, 1.66927, 1
0.484777, 1.54911, 0.999999
1.23479, 1.50628, 1
1.98779, 1.50066, 1
2.74084, 1.50007, 1
3.49389, 1.50001, 1
4.24695, 1.5, 1
5, 1.5, 1
-10, 1.44, 1
-9.24682, 1.44001, 1
-8.49365, 1.44015, 1
-7.74048, 1.44143, 1.00001
-6.98754, 1.4532, 1.00001
-6.24229, 1.52595, 1
-5.50963, 1.65037, 0.999995
-4.75947, 1.6937, 0.999995
-4.00635, 1.69933, 0.999997
-3.25318, 1.69993, 0.999999
-2.5, 1.69986, 1
-1.74683, 1.69862, 1
-0.993875, 1.68725, 1
-0.248332, 1.61604, 1
0.484168, 1.49108, 0.999999
1.23418, 1.44653, 1
1.9873, 1.44069, 1
2.74047, 1.44007, 1
3.49365, 1.44001, 1
4.24682, 1.44, 1
5, 1.44, 1
-10, 1.38, 1
-9.2467, 1.38001, 1
-8.4934, 1.38015, 1
-7.74011, 1.38149, 1.00001
-6.98706, 1.39371, 1.00001
-6.242, 1.46926, 1
-5.51, 1.59847, 0.999995
-4.75984, 1.64346, 0.999995
-4.0066, 1.64931, 0.999997
-3.2533, 1.64993, 0.999999
-2.5, 1.64985, 1
-1.7467, 1.64856, 1
-0.993639, 1.63676, 1
-0.248268, 1.56281, 1
0.48356, 1.43304, 0.999999
1.23357, 1.38678, 1
1.98681, 1.38072, 1
2.74011, 1.38007, 1
3.4934, 1.38001, 1
4.2467, 1.38, 1
5, 1.38, 1
-10, 1.32, 1
-9.24658, 1.32001, 1
-8.49316, 1.32016, 1
-7.73974, 1.32154, 1.00001
-6.98658, 1.33422, 1.00001
-6.2417, 1.41256, 1
-5.51037, 1.54656, 0.999995
-4.7602, 1.59321, 0.999995
-4.00684, 1.59928, 0.999997
-3.25342, 1.59992, 0.999999
-2.5, 1.59984, 1
-1.74658, 1.59851, 1
-0.993404, 1.58627, 1
-0.248204, 1.50958, 1
0.482951, 1.375, 0.999999
1.23296, 1.32703, 1
1.98632, 1.32074, 1
2.73974, 1.32008, 1
3.49316, 1.32001, 1
4.24658, 1.32, 1
5, 1.32, 1
-10, 1.26, 1
-9.24646, 1.26002, 1
-8.49292, 1.26016, 1
-7.73938, 1.2616, 1.00001
-6.9861, 1.27473, 1.00001
-6.24141, 1.35587, 1
-5.51075, 1.49465, 0.999995
-4.76056, 1.54297, 0.999995
-4.00708, 1.54926, 0.999997
-3.25354, 1.54992, 0.999999
-2.5, 1.54984, 1
-1.74646, 1.54846, 1
-0.993168, 1.53578, 1
-0.24814, 1.45635, 1
0.482342, 1.31697, 0.999999
1.23236, 1.26728, 1
1.98583, 1.26077, 1
2.73937, 1.26008, 1
3.49292, 1.26001, 1
4.24646, 1.26, 1
5, 1.26, 1
-10, 1.2, 1
-9.24634, 1.20002, 1
-8.49267, 1.20017, 1
-7.73901, 1.20165, 1.00001
-6.98562, 1.21523, 1.00001
-6.24111, 1.29917, 1
-5.51112, 1.44274, 0.999995
-4.76093, 1.49273, 0.999995
-4.00733, 1.49923, 0.999997
-3.25366, 1.49992, 0.999999
-2.5, 1.49983, 1
-1.74634, 1.4984, 1
-0.992932, 1.48528, 1
-0.248076, 1.40312, 1
0.481733, 1.25893, 0.999998
1.23175, 1.20753, 1
1.98534, 1.2008, 1
2.73901, 1.20008, 1
3.49267, 1.20001, 1
4.24634, 1.2, 1
5, 1.2, 1
-10, 1.14, 1
-9.24621, 1.14002, 1
-8.49243, 1.14018, 1
-7.73864, 1.14171, 1.00001
-6.98514, 1.15574, 1.00001
-6.24081, 1.24248, 1
-5.51149, 1.39083, 0.999995
-4.76129, 1.44249, 0.999995
-4.00757, 1.4492, 0.999997
-3.25379, 1.44992, 0.999999
-2.5, 1.44983, 1
-1.74622, 1.44835, 1
-0.992697, 1.43479, 1
-0.248011, 1.34989, 1
0.481124, 1.2009, 0.999998
1.23114, 1.14779, 1
1.98485, 1.14082, 1
2.73864, 1.14009, 1
3.49243, 1.14001, 1
4.24621, 1.14, 1
5, 1.14, 1
-10, 1.08, 1
-9.24609, 1.08002, 1
-8.49218, 1.08018, 1
-7.73828, 1.08176, 1.00001
-6.98466, 1.09625, 1.00001
-6.24052, 1.18579, 1
-5.51186, 1.33892, 0.999995
-4.76166, 1.39224, 0.999995
-4.00782, 1.39918, 0.999997
-3.25391, 1.39991, 0.999999
-2.5, 1.39982, 1
-1.74609, 1.3983, 1
-0.992461, 1.3843, 1
-0.247947, 1.29666, 1
0.480515, 1.14286, 0.999998
1.23053, 1.08804, 1
1.98437, 1.08085, 1
2.73827, 1.08009, 1
3.49218, 1.08001, 1
4.24609, 1.08, 1
5, 1.08, 1
-10, 1.02, 1
-9.24597, 1.02002, 1
-8.49194, 1.02019, 1
-7.73791, 1.02182, 1.00001
-6.98418, 1.03676, 1.00001
-6.24022, 1.12909, 1
-5.51223, 1.28701, 0.999995
-4.76202, 1.342, 0.999995
-4.00806, 1.34915, 0.999997
-3.25403, 1.34991, 0.999999
-2.5, 1.34982, 1
-1.74597, 1.34824, 1
-0.992226, 1.33381, 1
-0.247883, 1.24344, 1
0.479906, 1.08483, 0.999998
1.22992, 1.02829, 1
1.98388, 1.02088, 1
2.73791, 1.02009, 1
3.49194, 1.02001, 1
4.24597, 1.02, 1
5, 1.02, 1
-10, 0.96, 1
-9.24585, 0.960018, 1
-8.49169, 0.960193, 1
-7.73754, 0.961873, 1.00001
-6.9837, 0.977264, 1.00001
-6.23992, 1.0724, 1
-5.5126, 1.23511, 0.999995
-4.76239, 1.29176, 0.999995
-4.00831, 1.29913, 0.999997
-3.25415, 1.29991, 0.999999
-2.5, 1.29981, 1
-1.74585, 1.29819, 1
-0.99199, 1.28332, 1
-0.247819, 1.19021, 1
0.479297, 1.02679, 0.999998
1.22931, 0.968539, 1
1.98339, 0.960904, 1
2.73754, 0.960093, 1
3.49169, 0.960009, 1
4.24585, 0.960001, 1
5, 0.96, 1
-10, 0.9, 1
-9.24572, 0.900019, 1
-8.49145, 0.900199, 1
-7.73718, 0.901928, 1.00001
-6.98322, 0.917772, 1.00001
-6.23963, 1.0157, 1
-5.51297, 1.1832, 0.999995
-4.76275, 1.24152, 0.999995
-4.00855, 1.2491, 0.999997
-3.25428, 1.24991, 0.999999
-2.5, 1.24981, 1
-1.74573, 1.24814, 1
-0.991754, 1.23283, 1
-0.247755, 1.13698, 1
0.478688, 0.968755, 0.999998
1.2287, 0.908791, 1
1.9829, 0.900931, 1
2.73717, 0.900096, 1
3.49145, 0.90001, 1
4.24572, 0.900001, 1
5, 0.9, 1
-10, 0.84, 1
-9.2456, 0.840019, 1
-8.49121, 0.840204, 1
-7.73681, 0.841983, 1.00001
-6.98274, 0.85828, 1.00001
-6.23933, 0.959009, 1
-5.51334, 1.13129, 0.999995
-4.76311, 1.19127, 0.999995
-4.00879, 1.19908, 0.999997
-3.2544, 1.1999, 0.999999
-2.5, 1.1998, 1
-1.74561, 1.19809, 1
-0.991519, 1.18234, 1
-0.247691, 1.08375, 1
0.478079, 0.910719, 0.999998
1.2281, 0.849042, 1
1.98241, 0.840957, 1
2.73681, 0.840099, 1
3.49121, 0.84001, 1
4.2456, 0.840001, 1
5, 0.84, 1
-10, 0.78, 1
-9.24548, 0.78002, 1
-8.49096, 0.78021, 1
-7.73645, 0.782038, 1.00001
-6.98227, 0.798787, 1.00001
-6.23903, 0.902314, 1
-5.51371, 1.07938, 0.999995
-4.76348, 1.14103, 0.999995
-4.00904, 1.14905, 0.999997
-3.25452, 1.1499, 0.999999
-2.5, 1.14979, 1
-1.74548, 1.14803, 1
-0.991283, 1.13185, 1
-0.247626, 1.03052, 1
0.477471, 0.852684, 0.999998
1.22749, 0.789293, 1
1.98192, 0.780984, 1
2.73644, 0.780102, 1
3.49096, 0.78001, 1
4.24548, 0.780001, 1
5, 0.78, 1
-10, 0.72, 1
-9.24536, 0.72002, 1
-8.49072, 0.720216, 1
-7.73608, 0.722093, 1.00001
-6.98179, 0.739295, 1.00001
-6.23874, 0.84562, 1
-5.51408, 1.02747, 0.999995
-4.76384, 1.09079, 0.999995
-4.00928, 1.09902, 0.999997
-3.25464, 1.0999, 0.999999
-2.5, 1.09979, 1
-1.74536, 1.09798, 1
-0.991048, 1.08136, 1
-0.247562, 0.977289, 1
0.476862, 0.794648, 0.999998
1.22688, 0.729544, 1
1.98143, 0.72101, 1
2.73608, 0.720104, 1
3.49072, 0.720011, 1
4.24536, 0.720001, 1
5, 0.72, 1
-10, 0.66, 1
-9.24524, 0.660021, 1
-8.49047, 0.660221, 1
-7.73571, 0.662148, 1.00001
-6.98131, 0.679803, 1.00001
-6.23844, 0.788926, 1
-5.51445, 0.975562, 0.999995
-4.76421, 1.04055, 0.999995
-4.00953, 1.049, 0.999997
-3.25476, 1.04989, 0.999999
-2.5, 1.04978, 1
-1.74524, 1.04793, 1
-0.990812, 1.03087, 1
-0.247498, 0.92406, 1
0.476253, 0.736613, 0.999998
1.22627, 0.669795, 1
1.98095, 0.661037, 1
2.73571, 0.660107, 1
3.49047, 0.660011, 1
4.24524, 0.660001, 1
5, 0.66, 1
-10, 0.6, 1
-9.24511, 0.600021, 1
-8.49023, 0.600227, 1
-7.73535, 0.602203, 1.00001
-6.98083, 0.620311, 1.00001
-6.23815, 0.732232, 1
-5.51482, 0.923654, 0.999995
-4.76457, 0.990304, 0.999995
-4.00977, 0.998973, 0.999997
-3.25489, 0.999892, 0.999999
-2.5, 0.999778, 1
-1.74512, 0.997872, 1
-0.990577, 0.98038, 1
-0.247434, 0.87083, 1
0.475644, 0.678577, 0.999998
1.22566, 0.610046, 1
1.98046, 0.601063, 1
2.73534, 0.60011, 1
3.49023, 0.600011, 1
4.24511, 0.600001, 1
5, 0.6, 1
-10, 0.54, 1
-9.24499, 0.540022, 1
-8.48998, 0.540233, 1
-7.73498, 0.542258, 1.00001
-6.98035, 0.560818, 1.00001
-6.23785, 0.675538, 1
-5.51519, 0.871745, 0.999995
-4.76494, 0.940061, 0.999995
-4.01001, 0.948947, 0.999997
-3.25501, 0.949889, 0.999999
-2.5, 0.949772, 1
-1.745, 0.947819, 1
-0.990341, 0.929889, 1
-0.24737, 0.817601, 1
0.475035, 0.620542, 0.999998
1.22505, 0.550298, 1
1.97997, 0.54109, 1
2.73498, 0.540113, 1
3.48998, 0.540011, 1
4.24499, 0.540001, 1
5, 0.54, 1
-10, 0.48, 1
-9.24487, 0.480022, 1
-8.48974, 0.480238, 1
-7.73461, 0.482313, 1.00001
-6.97987, 0.501326, 1.00001
-6.23755, 0.618843, 1
-5.51556, 0.819836, 0.999995
-4.7653, 0.889819, 0.999995
-4.01026, 0.898921, 0.999997
-3.25513, 0.899887, 0.999999
-2.5, 0.899766, 1
-1.74487, 0.897766, 1
-0.990105, 0.879399, 1
-0.247306, 0.764372, 1
0.474426, 0.562506, 0.999998
1.22445, 0.490549, 1
1.97948, 0.481117, 1
2.73461, 0.480115, 1
3.48974, 0.480012, 1
4.24487, 0.480001, 1
5, 0.48, 1
-10, 0.42, 1
-9.24475, 0.420023, 1
-8.4895, 0.420244, 1
-7.73425, 0.422368, 1.00001
-6.97939, 0.441834, 1.00001
-6.23726, 0.562149, 1
-5.51593, 0.767928, 0.999995
-4.76566, 0.839577, 0.999995
-4.0105, 0.848896, 0.999997
-3.25525, 0.849884, 0.999999
-2.5, 0.849761, 1
-1.74475, 0.847713, 1
-0.98987, 0.828908, 1
-0.247242, 0.711143, 1
0.473817, 0.50447, 0.999998
1.22384, 0.4308, 1
1.97899, 0.421143, 1
2.73424, 0.420118, 1
3.4895, 0.420012, 1
4.24475, 0.420001, 1
5, 0.42, 1
-10, 0.36, 1
-9.24463, 0.360024, 1
-8.48925, 0.36025, 1
-7.73388, 0.362424, 1.00001
-6.97891, 0.382342, 1.00001
-6.23696, 0.505455, 1
-5.5163, 0.716019, 0.999995
-4.76603, 0.789334, 0.999995
-4.01075, 0.79887, 0.999997
-3.25537, 0.799881, 0.999999
-2.5, 0.799755, 1
-1.74463, 0.79766, 1
-0.989634, 0.778418, 1
-0.247177, 0.657913, 1
0.473208, 0.446435, 0.999997
1.22323, 0.371051, 1
1.9785, 0.36117, 1
2.73388, 0.360121, 1
3.48925, 0.360012, 1
4.24463, 0.360001, 1
5, 0.36, 1
-10, 0.3, 1
-9.2445, 0.300024, 1
-8.48901, 0.300256, 1
-7.73352, 0.302479, 1.00001
-6.97843, 0.32285, 1.00001
-6.23666, 0.448761, 1
-5.51667, 0.66411, 0.999995
-4.76639, 0.739092, 0.999995
-4.01099, 0.748844, 0.999997
-3.2555, 0.749879, 0.999999
-2.5, 0.74975, 1
-1.74451, 0.747606, 1
-0.989399, 0.727927, 1
-0.247113, 0.604684, 1
0.472599, 0.388399, 0.999997
1.22262, 0.311302, 1
1.97801, 0.301196, 1
2.73351, 0.300124, 1
3.48901, 0.300012, 1
4.2445, 0.300001, 1
5, 0.3, 1
-10, 0.24, 1
-9.24438, 0.240025, 1
-8.48876, 0.240261, 1
-7.73315, 0.242534, 1.00001
-6.97795, 0.263357, 1.00001
-6.23637, 0.392066, 1
-5.51704, 0.612202, 0.999995
-4.76676, 0.688849, 0.999995
-4.01124, 0.698819, 0.999997
-3.25562, 0.699876, 0.999999
-2.5, 0.699744, 1
-1.74439, 0.697553, 1
-0.989163, 0.677437, 1
-0.247049, 0.551455, 1
0.47199, 0.330364, 0.999997
1.22201, 0.251553, 1
1.97753, 0.241223, 1
2.73314, 0.240126, 1
3.48876, 0.240013, 1
4.24438, 0.240001, 1
5, 0.24, 1
-10, 0.18, 1
-9.24426, 0.180025, 1
-8.48852, 0.180267, 1
-7.73278, 0.182589, 1.00001
-6.97747, 0.203865, 1.00001
-6.23607, 0.335372, 1
-5.51741, 0.560293, 0.999995
-4.76712, 0.638607, 0.999995
-4.01148, 0.648793, 0.999997
-3.25574, 0.649873, 0.999999
-2.5, 0.649739, 1
-1.74426, 0.6475, 1
-0.988927, 0.626946, 1
-0.246985, 0.498226, 1
0.471381, 0.272328, 0.999997
1.2214, 0.191805, 1
1.97704, 0.18125, 1
2.73278, 0.180129, 1
3.48852, 0.180013, 1
4.24426, 0.180001, 1
5, 0.18, 1
-10, 0.12, 1
-9.24414, 0.120026, 1
-8.48827, 0.120273, 1
-7.73242, 0.122644, 1.00001
-6.97699, 0.144373, 1.00001
-6.23577, 0.278678, 1
-5.51778, 0.508384, 0.999995
-4.76749, 0.588364, 0.999995
-4.01172, 0.598767, 0.999997
-3.25586, 0.599871, 0.999999
-2.5, 0.599733, 1
-1.74414, 0.597447, 1
-0.988692, 0.576456, 1
-0.246921, 0.444997, 1
0.470773, 0.214293, 0.999997
1.2208, 0.132056, 1
1.97655, 0.121276, 1
2.73241, 0.120132, 1
3.48827, 0.120013, 1
4.24414, 0.120001, 1
5, 0.12, 1
-10, 0.06, 1
-9.24401, 0.0600262, 1
-8.48803, 0.0602782, 1
-7.73205, 0.062699, 1.00001
-6.97651, 0.0848806, 1.00001
-6.23548, 0.221984, 1
-5.51816, 0.456476, 0.999995
-4.76785, 0.538122, 0.999995
-4.01197, 0.548741, 0.999997
-3.25599, 0.549868, 0.999999
-2.5, 0.549728, 1
-1.74402, 0.547394, 1
-0.988456, 0.525965, 1
-0.246857, 0.391767, 1
0.470164, 0.156257, 0.999997
1.22019, 0.0723069, 1
1.97606, 0.0613027, 1
2.73204, 0.0601346, 1
3.48803, 0.0600136, 1
4.24401, 0.0600012, 1
5, 0.06, 1
-10, 0, 1
-9.24389, 2.67584e-05, 1
-8.48779, 0.000283919, 1
-7.73168, 0.00275405, 1.00001
-6.97603, 0.0253884, 1.00001
-6.23518, 0.16529, 1
-5.51853, 0.404567, 0.999995
-4.76821, 0.48788, 0.999995
-4.01221, 0.498716, 0.999997
-3.25611, 0.499865, 0.999999
-2.5, 0.499722, 1
-1.7439, 0.497341, 1
-0.988221, 0.475475, 1
-0.246793, 0.338538, 1
0.469555, 0.0982214, 0.999997
1.21958, 0.0125581, 1
1.97557, 0.00132933, 1
2.73168, 0.000137381, 1
3.48779, 1.38368e-05, 1
4.24389, 1.17908e-06, 1
5, 0, 1
